6 1.57616 18
7 0.253874 8
8 1.62648 18
9 0.398915 10
10 0.32699 9
11 0.0810387 3
12 0.144482 5
13 0.0172734 1
14 0.476274 11
15 1.74321 19
16 0.0736491 3
17 0.0663761 3
18 0.326799 9
19 2.55256 22
20 0.312894 9
21 0.490402 11
22 0.824156 14
23 0.735491 13
24 0.253039 8
25 0.176301 6
26 0.836878 14
27 1.70977 19
28 0.249594 8
29 0.706126 13
30 0.253745 8
32 0.386528 10
34 0.0778381 3
35 1.12257 16
36 1.14178 16
37 0.684797 13
38 0.975252 15
39 0.961718 15
41 1.49303 18
43 0.835149 14
44 0.249284 8
45 0.957612 15
46 0.495781 11
47 1.50155 18
48 0.0856837 3
50 0.535951 11
51 0.968489 15
52 0.58427 12
53 1.12878 16
54 0.264284 8
56 0.574533 12
57 0.408452 9
58 1.51183 18
59 1.57218 18
60 0.579463 12
61 0.151572 6
