1			0.0162016			28.8388
2			0.0461812			95.9183
3			0.0757495			209.069
4			0.10619			363.7
5			0.135125			519.015
6			0.164991			710.122
7			0.2019			934.997
8			0.254405			1289.58
9			0.318173			1724.82
10			0.395951			2239.5
11			0.488761			2790.82
12			0.594556			3371.13
13			0.716803			4016.25
14			0.851927			4628.52
15			1.00388			4969.22
16			1.17314			5394.08
17			1.35902			5740.51
18			1.56311			5786.63
19			1.77786			5438.49
20			2.0107			5089.08
21			2.25229			4788.37
22			2.52239			4209.87
23			2.82415			3739.18
24			3.12017			3188.82
25			3.43257			2831.87
26			3.77623			2454.55
27			4.11589			2029.13
28			4.52085			1871.63
29			4.89664			1415.13
30			5.26627			1248.11
31			5.79871			1037.97
32			6.19627			879.87
33			6.63594			723.318
34			7.09126			694.944
35			7.56388			521.907
36			8.09804			469.686
37			8.61344			344.537
38			9.25699			259.196
39			9.74054			146.108
40			10.4603			209.206
41			10.9593			120.553
42			11.8451			142.143
43			12.2201			61.1007
44			12.9208			25.8417
45			13.6295			54.5182
46			14.0319			28.0647
47			15.1163			15.1163
48			15.809			15.8092
49			16.4085			32.8187
