1.000000000000000000e+00 9.143000000000000682e+01 5.643994241669627598e+01
2.000000000000000000e+00 5.532300000000000040e+01 4.441472358351457927e+01
3.000000000000000000e+00 4.040200000000000102e+01 3.563310814397181758e+01
4.000000000000000000e+00 3.109600000000000009e+01 3.002443644766706754e+01
5.000000000000000000e+00 2.551399999999999935e+01 2.576058625109286382e+01
6.000000000000000000e+00 2.058699999999999974e+01 2.141778305520902492e+01
7.000000000000000000e+00 1.767500000000000071e+01 1.939629797152004187e+01
8.000000000000000000e+00 1.517200000000000060e+01 1.685937175579215008e+01
9.000000000000000000e+00 1.293900000000000006e+01 1.474260082210725464e+01
1.000000000000000000e+01 1.216900000000000048e+01 1.423802791821965563e+01
1.100000000000000000e+01 1.046499999999999986e+01 1.251198525414739393e+01
1.200000000000000000e+01 9.736000000000000654e+00 1.198675535747685039e+01
1.300000000000000000e+01 8.542999999999999261e+00 1.021308724137811907e+01
1.400000000000000000e+01 8.073999999999999844e+00 9.836794396550072150e+00
1.500000000000000000e+01 7.264999999999999680e+00 9.249312136586087973e+00
1.600000000000000000e+01 6.817000000000000171e+00 8.576392656589510111e+00
1.700000000000000000e+01 6.568999999999999950e+00 8.273224220338848411e+00
1.800000000000000000e+01 5.934999999999999609e+00 7.762072854592235061e+00
1.900000000000000000e+01 5.676000000000000156e+00 7.216302654406868911e+00
2.000000000000000000e+01 5.022999999999999687e+00 6.404019909400782140e+00
2.100000000000000000e+01 4.809000000000000163e+00 6.267337472962488221e+00
2.200000000000000000e+01 4.532000000000000028e+00 5.713928245961851893e+00
2.300000000000000000e+01 4.336000000000000298e+00 5.490637850013507126e+00
2.400000000000000000e+01 4.035999999999999588e+00 5.207562193579701848e+00
2.500000000000000000e+01 3.914000000000000146e+00 4.942530121304349322e+00
2.600000000000000000e+01 3.859999999999999876e+00 4.776651546847446639e+00
2.700000000000000000e+01 3.600000000000000089e+00 4.414068418137649275e+00
2.800000000000000000e+01 3.487000000000000099e+00 4.164472475596355139e+00
2.900000000000000000e+01 3.310000000000000053e+00 3.782049708821979994e+00
3.000000000000000000e+01 3.254999999999999893e+00 3.701752963124298468e+00
3.100000000000000000e+01 3.206999999999999851e+00 3.648170911566443575e+00
3.200000000000000000e+01 2.979999999999999982e+00 3.291139620253133558e+00
3.300000000000000000e+01 3.025999999999999801e+00 3.425102042275481651e+00
3.400000000000000000e+01 2.818999999999999950e+00 2.873193171368711329e+00
3.500000000000000000e+01 2.862999999999999989e+00 2.970729035102378734e+00
3.600000000000000000e+01 2.734999999999999876e+00 2.778088371524594535e+00
3.700000000000000000e+01 2.626999999999999780e+00 2.562980881707869418e+00
3.800000000000000000e+01 2.572000000000000064e+00 2.297132125063746866e+00
3.900000000000000000e+01 2.676000000000000156e+00 2.780471902393528261e+00
4.000000000000000000e+01 2.579000000000000181e+00 2.361939669000903574e+00
4.100000000000000000e+01 2.443999999999999950e+00 1.983649162528456245e+00
4.200000000000000000e+01 2.412999999999999812e+00 1.932726312750957964e+00
4.300000000000000000e+01 2.423000000000000043e+00 1.974606543086459887e+00
4.400000000000000000e+01 2.384999999999999787e+00 1.909391264251496079e+00
4.500000000000000000e+01 2.339999999999999858e+00 1.694815624190446846e+00
4.600000000000000000e+01 2.279999999999999805e+00 1.576578574001314514e+00
4.700000000000000000e+01 2.330999999999999961e+00 1.672255662271802557e+00
4.800000000000000000e+01 2.232000000000000206e+00 1.307736976612671409e+00
4.900000000000000000e+01 2.210999999999999854e+00 1.236721067985808054e+00
5.000000000000000000e+01 2.201999999999999957e+00 1.309654916380669221e+00
5.100000000000000000e+01 2.198999999999999844e+00 1.273734273700741326e+00
5.200000000000000000e+01 2.196000000000000174e+00 1.249633546284669050e+00
5.300000000000000000e+01 2.194999999999999840e+00 1.285291795663515035e+00
5.400000000000000000e+01 2.162999999999999812e+00 1.082326660486593095e+00
5.500000000000000000e+01 2.125000000000000000e+00 9.221577956076714155e-01
5.600000000000000000e+01 2.146999999999999797e+00 1.064138618789837398e+00
5.700000000000000000e+01 2.136000000000000121e+00 9.452534051776687596e-01
5.800000000000000000e+01 2.153999999999999915e+00 1.069712110803641147e+00
5.900000000000000000e+01 2.092000000000000082e+00 7.560000000000017817e-01
6.000000000000000000e+01 2.065999999999999837e+00 6.838450116802788914e-01
6.100000000000000000e+01 2.097999999999999865e+00 7.787143250255645910e-01
6.200000000000000000e+01 2.079000000000000181e+00 6.447937654785527162e-01
6.300000000000000000e+01 2.075000000000000178e+00 6.483633240706980772e-01
6.400000000000000000e+01 2.060000000000000053e+00 5.730619512757804124e-01
6.500000000000000000e+01 2.071000000000000174e+00 6.877201465712671213e-01
6.600000000000000000e+01 2.056999999999999940e+00 5.751095547806484021e-01
6.700000000000000000e+01 2.044000000000000039e+00 4.960483847368123422e-01
6.800000000000000000e+01 2.036000000000000032e+00 4.633616298313991133e-01
6.900000000000000000e+01 2.036999999999999922e+00 4.523615810388944558e-01
7.000000000000000000e+01 2.040000000000000036e+00 4.127953488110024938e-01
7.100000000000000000e+01 2.051000000000000156e+00 5.398138568062280651e-01
7.200000000000000000e+01 2.027000000000000135e+00 3.365575730837208623e-01
7.300000000000000000e+01 2.032999999999999918e+00 4.346389306079143089e-01
7.400000000000000000e+01 2.027000000000000135e+00 4.210356279461442974e-01
7.500000000000000000e+01 2.044000000000000039e+00 4.495152945117670273e-01
7.600000000000000000e+01 2.031000000000000139e+00 4.111435272505269412e-01
7.700000000000000000e+01 2.017999999999999794e+00 3.093153730418252700e-01
7.800000000000000000e+01 2.012999999999999901e+00 2.232285823992969098e-01
7.900000000000000000e+01 2.015000000000000124e+00 2.485457704327319328e-01
8.000000000000000000e+01 2.008000000000000007e+00 1.671406593262113605e-01
8.100000000000000000e+01 2.017999999999999794e+00 3.281402139330162893e-01
8.200000000000000000e+01 2.016000000000000014e+00 2.678507046845280404e-01
8.300000000000000000e+01 2.009999999999999787e+00 1.786057109949216459e-01
8.400000000000000000e+01 2.013999999999999790e+00 2.753252621900018071e-01
