1 0.0799225 3
2 1.20666 13
3 0.689579 13
4 0.398315 10
5 0.580888 12
1 0.217369 5
2 0.225462 5
3 0.514954 9
4 0.156843 6
5 1.27806 17
1 0.586007 8
2 2.08264 15
3 0.308054 9
4 0.235036 8
5 0.158221 6
1 0.588001 8
2 0.43194 9
3 0.0697634 3
4 0.739099 9
5 0.246183 7
1 0.567901 8
2 0.43129 7
3 0.317813 9
4 0.285858 8
5 1.10655 15
1 0.728145 9
2 0.225793 5
3 0.348465 7
4 1.19804 16
5 0.253781 8
1 0.0809681 3
2 0.0737052 2
3 0.127816 5
4 0.59077 9
5 0.353254 8
1 1.1065 11
2 0.443996 11
3 0.262122 8
4 0.0180986 1
5 0.0665164 3
1 1.09233 11
2 0.103043 4
3 1.5331 17
4 0.0150977 1
5 0.107043 4
1 1.10384 11
2 0.105076 4
3 0.735095 9
4 0.221596 7
5 0.0126129 1
1 0.147346 4
2 0.212815 5
3 0.429547 7
4 0.146158 6
5 1.06022 11
1 0.911899 10
2 0.0807929 3
3 0.0740842 3
4 1.01584 13
5 1.08677 15
1 0.749511 9
2 0.0470781 2
3 0.979068 14
4 0.967571 11
5 0.4356 7
1 0.442227 7
2 0.32141 6
3 0.70889 10
4 0.726051 13
5 0.261863 8
1 0.0424815 2
2 0.712305 11
3 0.101695 4
4 0.113193 4
5 0.0991999 4
1 0.0471811 2
2 0.420178 7
3 0.682595 13
4 0.47378 11
5 0.328317 6
1 1.31991 12
2 0.441533 10
3 0.303278 9
4 0.559129 12
5 0.192026 7
1 0.310813 6
2 0.56085 8
3 1.11132 11
4 1.46773 18
5 1.59434 18
1 0.332869 6
2 0.326372 6
3 1.56567 13
4 0.107188 4
5 0.138133 5
1 0.0816038 3
2 2.39905 16
3 0.733058 11
5 0.161539 6
1 0.32845 6
2 0.101605 4
3 0.938897 11
4 0.462911 11
5 0.150116 6
1 0.317639 6
2 0.915409 10
3 0.295317 8
4 0.213998 5
5 0.125906 5
1 0.317597 6
2 0.318225 6
3 1.3205 12
4 0.306339 9
5 1.42713 17
1 0.322772 6
2 1.11392 11
3 0.678284 13
4 2.10996 16
5 0.299029 9
1 0.579609 8
2 2.39149 16
3 0.419833 7
5 0.461217 11
1 0.423805 7
2 0.320885 8
3 0.624739 11
4 0.163078 6
5 0.475532 11
1 2.0871 15
2 1.09858 16
3 0.532745 11
4 0.582501 12
5 0.362434 10
1 1.09592 11
2 0.276807 7
3 0.707546 11
4 0.121492 4
5 0.68394 13
1 0.908083 10
2 1.28557 12
3 0.148819 5
4 0.317738 6
5 0.81226 14
1 0.0201857 1
2 0.142563 4
3 0.443897 7
4 0.196353 7
5 0.137075 5
1 0.436853 7
2 0.585125 8
3 0.074292 3
4 0.0466044 2
5 0.192175 7
1 0.142112 4
2 2.69897 17
3 0.378032 10
4 0.68693 13
5 0.265216 7
1 3.66509 20
2 0.603287 12
3 0.553577 11
4 0.157044 6
5 0.97232 15
1 1.09122 11
2 0.07356 3
3 0.144172 6
4 0.069439 3
5 0.23964 8
1 0.141614 4
2 0.22657 5
3 0.222798 5
4 0.797653 13
5 0.296366 9
1 3.31642 19
2 0.177619 6
3 1.114 16
4 0.508178 11
5 0.116674 5
1 0.899144 10
2 0.100083 4
3 0.569315 11
4 3.04258 18
5 0.0905317 4
1 0.913987 10
2 2.09158 15
3 0.583279 12
4 0.0491304 2
5 0.771431 11
1 0.424969 7
2 0.449251 7
3 0.557034 11
4 0.31577 6
5 0.112474 4
1 0.0840817 3
2 0.113725 3
3 1.55663 13
4 0.575108 11
5 0.122227 5
1 0.0893073 3
2 0.046378 2
3 0.62044 11
4 3.91144 22
5 1.56759 18
1 2.71252 17
2 0.474162 11
3 0.020427 1
4 0.304499 9
5 0.0461803 2
1 0.898445 10
2 0.863535 14
3 0.203731 7
4 1.10491 16
5 0.0487901 2
1 0.312124 6
2 0.872079 10
3 0.1433 4
4 0.136384 5
5 0.12447 5
1 0.579748 8
2 0.310247 6
3 0.513186 11
4 1.31578 17
5 0.243373 8
1 0.603321 8
2 1.41119 14
3 0.188482 6
4 0.445788 7
5 0.166734 6
1 1.32326 12
2 0.715003 13
3 0.72826 9
4 0.460234 11
5 0.32108 9
1 0.0408799 2
2 1.82232 14
3 3.49467 21
4 0.467052 11
5 0.570912 12
1 0.725465 9
2 0.145475 4
3 0.436509 7
4 0.30803 6
5 0.10179 4
1 0.911999 10
2 0.586661 8
3 0.875386 10
4 0.45827 11
5 0.0774044 3
1 0.722175 9
2 0.997005 15
3 0.0785836 3
4 1.14987 12
5 0.15905 6
1 0.917394 10
2 0.107747 4
3 0.400553 10
4 0.739248 9
5 0.500155 11
1 1.31962 12
3 0.373925 9
4 0.201093 7
5 0.676276 13
1 0.328777 6
2 0.135627 4
3 0.0490848 2
4 0.134699 5
5 0.0193462 1
1 1.095 11
2 0.176036 6
3 0.575459 12
4 0.30395 9
5 0.30359 9
1 0.148691 4
2 0.721829 9
3 0.726543 9
4 1.90334 15
5 0.301332 9
1 2.1059 15
2 0.676268 13
3 0.072587 3
4 0.154904 6
5 0.229468 7
1 0.731904 9
2 0.0157541 1
3 1.3485 12
4 0.438447 10
5 0.111085 4
1 1.102 11
2 0.100495 4
3 0.050624 2
4 0.0687073 3
5 0.018813 1
1 0.439001 7
2 0.452611 7
3 0.63173 12
4 0.0426078 2
5 0.189648 7
1 0.226717 5
2 1.59193 16
3 0.37626 10
4 0.238968 7
5 1.46662 18
1 0.320846 6
2 0.582489 8
3 0.621531 12
4 0.30382 9
5 0.0461551 2
1 0.442101 7
2 0.144634 4
3 0.314763 6
4 0.754276 9
5 0.170699 6
1 3.05097 18
2 0.161455 6
3 0.147919 6
4 0.832919 14
5 0.305359 9
1 0.0488712 2
2 0.559306 8
3 0.910438 10
4 0.197322 7
5 0.168664 6
1 2.30149 16
2 0.194363 7
3 0.142955 5
4 0.685381 13
5 0.200955 7
1 1.82766 14
2 0.019626 1
3 0.985193 14
4 0.157917 6
5 0.0749736 3
1 0.319659 6
2 0.313914 6
3 0.174597 6
4 0.462058 11
5 0.301927 9
1 2.0874 15
2 0.0947538 4
3 0.128293 5
4 0.369585 10
5 3.40013 19
1 1.32112 12
2 0.154046 6
3 0.713031 12
4 0.243734 8
5 0.436338 7
1 0.720888 9
2 2.09219 15
3 0.705399 13
4 0.816841 14
5 0.0781156 3
1 0.148024 4
2 0.582882 8
3 1.31802 12
4 0.681859 12
5 0.0980366 4
1 0.57137 8
2 0.947092 14
3 0.108655 4
4 1.41355 14
5 0.232436 8
1 1.81183 14
2 0.481902 11
3 0.655916 10
4 0.301487 9
5 0.190707 7
1 0.224802 5
2 0.10215 4
3 0.137151 4
4 0.495776 9
5 0.376599 8
1 1.81414 14
2 0.105951 4
3 0.07749 3
4 0.020378 1
5 0.155136 6
1 0.583754 8
2 0.0490355 2
3 0.305226 9
4 0.125777 5
5 0.586203 8
1 0.146968 4
2 1.42275 14
3 0.106722 4
4 0.0449885 2
5 1.92039 16
1 0.0434192 2
2 0.215854 5
3 0.0952444 4
4 1.31347 12
5 1.05511 15
1 2.70474 17
2 0.075848 3
3 3.23444 19
4 0.711103 13
5 0.487725 11
1 0.32714 6
2 0.230532 7
3 0.212147 5
4 0.158686 6
5 0.903318 10
1 0.318605 6
2 0.0988704 4
3 0.386924 10
4 0.44164 7
5 0.719416 12
1 0.436785 7
2 0.732414 9
3 0.219174 5
4 0.573158 12
5 0.162517 6
1 2.08696 15
2 0.570272 11
3 0.463576 9
4 0.373505 10
5 0.248759 8
1 1.56313 13
2 0.570042 11
3 0.129774 5
4 1.8082 14
5 1.10572 16
1 3.39087 19
2 0.458917 11
3 0.525466 11
4 0.145571 6
5 0.567032 12
1 0.456177 7
2 0.127399 4
3 0.511368 11
4 0.979499 13
5 0.563529 12
1 0.231642 5
2 1.10047 11
3 0.155445 6
4 0.0139215 1
5 0.472076 11
1 1.82119 14
2 0.94559 15
3 0.0776854 3
4 0.299332 9
5 0.235254 8
1 0.047439 2
2 0.118261 4
3 1.65207 15
4 0.221037 5
5 0.133497 5
1 0.0148152 1
2 0.0516506 2
3 0.310395 6
4 0.110727 4
5 0.448728 10
1 0.0422127 2
2 0.0929366 4
3 1.32406 12
4 0.29306 9
5 0.564614 12
1 1.30923 12
2 3.23296 22
3 0.243781 8
4 0.112571 4
5 0.042502 2
1 3.01894 18
2 0.161239 6
3 0.454811 11
4 0.738209 13
5 0.66319 12
1 0.565563 8
2 0.232088 7
3 0.247986 8
4 0.0997342 4
5 0.273046 8
1 1.81502 14
2 0.279501 8
3 0.119713 5
4 0.794234 14
5 0.109055 4
1 1.55269 13
2 0.0695361 3
3 2.38825 16
4 0.113492 4
5 1.0284 14
1 2.09805 15
2 0.467063 11
3 0.385502 10
4 0.243118 8
5 0.101005 4
1 0.602497 8
2 0.316465 8
3 0.139982 4
4 1.55177 13
5 0.0186122 1
1 0.457643 7
2 0.12825 5
3 0.0796621 3
4 0.568896 8
5 0.345652 9
1 0.330196 6
2 0.948033 11
3 0.208484 7
4 0.0768259 3
5 0.588512 12
1 1.09914 11
2 0.0129234 1
3 0.167086 6
4 1.34904 12
5 1.48632 13
1 0.911246 10
2 0.0463591 2
3 0.728084 9
4 1.4853 13
5 0.144846 5
1 0.917299 10
2 0.72991 9
3 0.164647 6
4 0.0712604 3
5 2.39831 16
1 0.32278 6
2 0.519815 11
3 0.157654 6
4 0.6742 13
5 0.0676208 3
1 0.732967 9
2 1.55505 13
3 3.38799 19
4 0.101737 4
5 0.691772 13
1 1.09243 11
2 0.0980562 4
3 0.161876 6
4 0.0982626 4
5 0.939616 10
1 0.576342 8
2 0.24846 7
3 0.164245 6
4 0.150747 5
5 0.244931 8
1 0.320555 6
2 0.16078 6
3 0.911987 12
4 0.392648 9
5 0.402747 10
1 0.318747 6
2 0.572711 8
3 1.90173 18
4 1.26936 17
5 0.247786 8
1 0.31595 6
2 0.0986372 4
3 2.85502 18
4 0.0981774 4
5 0.30799 9
1 0.317035 6
2 0.141253 4
3 1.26991 14
4 0.457354 11
5 0.478133 11
1 0.141903 4
2 0.0458591 2
3 0.134004 5
4 1.82391 14
5 0.622274 12
1 0.0441008 2
2 1.82372 14
3 0.192903 7
4 0.327284 8
5 0.128795 5
1 1.81759 14
2 0.233268 8
3 0.134219 5
4 0.335819 9
5 0.734193 9
1 0.427249 7
2 0.880535 13
3 0.318067 6
4 0.14383 6
5 1.01287 15
1 0.198129 4
2 3.39806 19
3 0.157224 6
4 0.138557 5
5 0.146847 5
1 1.1091 11
2 2.38968 16
3 1.82108 14
4 1.97417 15
5 0.381852 10
1 0.0541502 2
2 0.0161775 1
3 0.580988 8
4 0.646743 12
5 0.145882 4
1 0.567571 8
2 0.0382208 2
3 0.593838 8
4 0.246612 6
5 0.573643 8
1 1.10712 11
2 1.18862 13
3 0.0959298 4
4 0.797281 14
5 0.048226 2
1 0.221235 5
2 3.40658 19
3 0.156983 6
4 0.36829 10
5 0.201616 7
1 0.909225 10
2 0.125613 5
3 1.62943 15
4 0.343677 9
5 0.949887 15
1 0.901138 10
2 0.381656 10
3 0.896455 10
4 1.45877 13
5 0.0477161 2
1 0.222694 5
2 0.914965 10
3 0.136304 5
4 0.536631 11
5 0.46383 11
1 1.79613 14
2 0.233399 8
3 0.0160273 1
4 0.198664 7
5 0.124129 5
1 2.09166 15
2 0.245816 8
3 0.364556 8
4 0.91194 10
5 0.592341 12
1 0.0154571 1
2 0.946845 11
3 0.0187103 1
4 1.87505 16
5 0.410852 9
1 0.139001 4
2 0.144491 4
3 1.35413 12
4 0.447889 7
5 0.238215 8
1 0.0898734 3
2 0.136339 4
3 0.584168 8
4 0.24125 7
5 0.0148041 1
1 0.140251 4
2 0.311767 6
3 1.90993 16
4 1.59887 18
5 0.612262 12
1 1.10447 11
2 1.1817 13
3 0.384074 10
4 0.891384 10
5 0.734449 9
1 2.71473 17
2 0.13798 5
3 0.100852 4
4 0.186708 7
5 0.819521 14
1 0.132677 4
2 2.08826 15
3 0.319071 9
4 0.0499471 2
5 0.766831 13
1 0.576272 8
2 1.30845 12
3 0.101248 4
4 1.89186 20
5 0.24244 8
1 1.66561 14
2 0.157245 6
3 1.06155 15
4 0.306524 9
5 0.0451937 2
1 1.11056 11
2 0.191462 7
3 0.407117 10
4 0.843983 14
5 0.137569 5
1 1.54267 13
2 0.0677659 3
3 0.08793 3
4 0.716919 13
5 0.239743 8
1 2.384 16
2 0.21369 7
3 0.487459 10
4 0.467472 11
5 0.104752 4
1 0.574114 8
2 0.675233 13
3 0.604626 12
4 0.306556 9
5 0.139565 5
1 0.572782 8
2 0.145443 5
3 1.66945 19
4 1.04836 15
5 3.77981 20
1 1.81874 14
2 0.306284 9
3 0.123792 5
4 2.66755 18
5 0.192814 7
1 0.579783 8
2 0.123719 5
3 1.81742 14
4 0.377158 10
5 0.15957 6
1 0.014078 1
2 0.0779054 3
3 0.322091 6
4 0.138726 5
5 0.564242 8
1 0.314744 6
2 0.162953 6
3 0.0432765 2
4 1.92406 16
5 0.206386 7
1 0.133814 4
2 0.0850287 3
3 0.438982 7
4 0.322265 6
5 0.311552 6
1 0.742946 9
2 0.380229 8
3 1.28977 17
4 0.144303 5
5 0.0656996 3
1 0.895859 10
2 0.130235 5
3 0.745728 9
4 1.33033 12
5 0.251048 8
1 1.57618 13
2 2.36415 19
3 0.322518 9
4 0.47451 11
5 0.493766 11
1 0.742551 9
2 0.666803 12
3 0.0462426 2
4 0.186828 7
5 0.270753 7
1 0.144692 4
2 0.289832 7
3 1.80751 14
4 0.248246 8
5 0.807643 14
1 0.133914 4
2 0.732931 9
3 0.144114 6
4 1.03624 11
5 0.312024 6
1 0.219733 5
2 0.312717 6
3 1.32242 12
4 0.571032 12
5 0.137978 5
1 0.44543 7
2 4.17095 21
3 0.564651 12
4 0.940897 15
5 0.0182591 1
1 0.573381 8
2 0.0892959 3
3 0.915636 10
4 0.824201 13
5 0.409423 10
1 0.141805 4
2 0.0502634 2
3 0.908597 10
4 0.63314 12
5 0.764862 13
1 0.219209 5
2 0.581937 8
3 0.676116 13
4 0.0848321 3
5 0.153676 6
1 0.56281 8
2 0.587283 8
3 0.103306 4
4 0.160861 6
5 0.10045 4
1 0.454554 7
2 1.19509 13
3 0.375253 9
4 0.822857 14
5 0.2549 8
1 0.909841 10
2 0.199156 7
3 0.55314 12
4 0.189213 7
5 0.101944 4
1 0.581915 8
2 0.10262 4
3 1.10722 11
4 0.314333 9
5 0.311433 9
1 0.566404 8
2 0.184763 7
3 0.25234 8
4 0.145568 4
5 0.080298 3
1 0.91229 10
2 0.72057 9
3 1.40559 17
4 0.540558 11
5 0.134638 5
1 0.108965 3
2 2.3971 16
3 0.581388 11
4 0.0715812 3
5 0.0142296 1
1 0.320541 6
2 0.153388 6
3 1.13388 11
4 0.203641 7
5 0.567078 11
1 0.223564 5
2 0.0385428 2
3 0.957684 11
4 0.583839 8
5 0.0427393 2
1 0.571215 8
2 0.914077 10
3 0.175336 6
4 1.33829 13
5 0.340188 9
1 2.09901 15
2 0.0415793 2
3 0.957306 15
4 0.299019 9
5 1.08872 16
1 0.575282 8
2 0.219135 5
3 0.0741207 3
4 0.0454806 2
5 0.133079 5
1 0.0896379 3
2 0.0514429 2
3 0.0416891 2
4 0.425846 7
5 0.105046 4
1 1.10833 11
2 0.424098 7
3 0.698488 12
4 1.43619 17
5 0.312427 9
1 0.322169 6
2 0.360203 6
3 2.02141 15
4 0.0760291 3
5 1.04267 15
1 0.443138 7
2 0.932561 10
3 0.343755 9
4 0.642184 10
5 0.386427 10
1 0.134393 4
2 0.0136133 1
3 0.302533 9
4 0.710986 9
5 0.155717 6
1 1.31725 12
2 1.34814 17
3 0.108224 4
4 0.56184 12
5 0.158147 6
1 1.09917 11
2 0.800395 14
3 0.54387 11
4 0.242733 8
5 0.692627 13
1 2.70058 17
2 0.556374 12
3 0.144266 6
4 0.155454 6
5 0.0762872 3
1 0.566743 8
2 0.211686 5
3 0.813218 10
4 0.43567 10
5 0.104458 4
1 0.142673 4
2 2.68907 17
3 0.249407 8
4 0.874861 14
5 0.0674259 3
1 0.0180981 1
2 0.325667 6
3 0.435008 7
4 0.111095 4
5 0.0505656 2
1 1.10616 11
2 0.7322 9
3 0.105186 4
4 0.276418 8
5 0.503628 10
1 0.586374 8
2 0.57654 12
3 0.165483 6
4 0.201006 7
5 0.460275 11
1 0.445489 7
2 1.91241 15
3 1.12682 15
4 0.709843 13
5 0.923805 14
1 1.55528 13
2 0.102887 4
3 0.0532827 2
4 0.237657 8
5 0.154017 6
1 0.566497 8
2 0.0512256 2
3 0.225134 5
4 0.730159 9
5 0.248558 8
1 0.90421 10
2 1.53744 13
3 0.186064 7
4 0.410277 10
5 0.241787 8
1 0.22509 5
2 0.365597 7
3 1.32255 12
4 0.580274 8
5 0.158586 6
1 1.56622 13
2 0.22065 5
3 0.271932 8
4 0.495159 10
5 0.134832 5
1 1.56865 13
2 0.797893 14
3 0.787636 13
4 0.297013 9
5 0.566228 12
1 0.90816 10
2 0.159992 6
3 0.148931 4
4 0.495135 9
5 0.981842 15
1 1.33576 12
2 0.0810194 3
3 0.510473 10
4 0.84669 13
5 0.38528 10
1 1.8066 14
2 0.0148358 1
3 0.549311 8
4 0.550935 11
5 0.638048 12
1 0.307438 6
2 1.55083 13
3 0.655209 12
4 0.0693312 3
5 0.29809 9
1 0.567286 8
2 0.143629 5
3 0.914415 13
4 0.166192 6
5 0.243037 7
1 0.73221 9
2 0.101329 4
3 0.16229 6
4 0.548225 8
5 0.0788003 3
1 0.57178 8
2 0.298006 8
3 0.4986 9
4 2.39428 22
5 0.0753455 3
1 0.0208006 1
2 0.896748 10
3 0.331309 6
4 1.18189 15
5 0.387282 10
1 1.31341 12
2 1.9747 15
3 0.379977 10
4 0.195505 7
5 0.563045 12
1 1.11557 11
2 0.726152 9
3 0.0436002 2
4 0.238076 8
5 0.801494 14
1 0.901938 10
2 0.149375 6
3 0.57355 8
4 0.133252 5
5 0.448012 11
1 1.10151 11
3 0.177761 5
4 0.706425 10
5 0.609579 12
1 0.723224 9
2 0.203735 6
3 1.54492 13
4 0.56961 10
5 0.297265 9
1 0.313613 6
2 3.35727 19
3 0.0129242 1
4 1.05956 15
5 0.370301 10
1 0.589272 8
2 3.04451 18
3 0.451578 11
4 0.126655 5
5 1.59624 18
1 0.430079 7
2 1.54434 13
3 0.670457 12
4 0.478558 11
5 0.435655 7
1 0.928884 10
2 0.0508969 2
3 0.675384 9
4 0.579633 8
5 1.72081 19
1 1.47384 13
2 0.046829 2
3 0.157127 6
4 0.136201 5
5 0.709717 13
1 0.226682 5
2 0.219535 5
3 0.467607 8
4 0.346151 9
5 1.39754 16
1 0.118991 3
2 0.14527 4
3 0.0181891 1
4 0.919719 10
5 0.015204 1
1 1.32866 12
2 0.0128946 1
3 0.468939 11
4 0.132343 5
5 0.0462349 2
1 0.742149 9
2 0.571229 11
3 0.458309 11
4 0.104994 4
5 1.05312 11
1 0.585234 8
2 0.218261 5
3 0.19987 7
4 0.259413 8
5 0.323503 9
1 0.315405 6
2 0.74076 9
3 0.204646 7
4 1.3319 12
5 0.638728 12
1 0.32267 6
2 0.756311 9
3 0.924269 14
4 0.0163781 1
5 0.385806 10
1 0.912243 10
2 0.579455 9
3 0.381501 10
4 0.316574 9
5 2.13787 21
1 0.135884 4
2 0.216164 5
3 0.153289 4
4 3.2207 19
5 0.304421 9
1 1.56601 13
2 0.343161 7
3 0.978428 14
4 0.155941 6
5 0.0725927 3
1 0.045065 2
2 0.145762 4
3 0.249458 8
4 0.820552 14
5 0.129062 5
1 0.0193685 1
2 0.317818 6
3 1.54871 13
4 0.339031 9
5 0.328974 6
1 0.140285 4
2 0.924617 10
3 0.130557 5
4 1.09564 14
1 0.42897 7
2 0.909475 10
3 0.0131283 1
4 0.729942 9
5 0.101951 4
1 0.043845 2
2 0.152787 6
3 0.593829 9
4 0.947665 15
5 0.207494 7
1 0.145584 4
2 0.129269 5
3 0.192322 7
4 0.387915 10
5 0.0129853 1
1 3.04507 18
2 0.168973 6
3 0.0983225 4
4 1.32778 17
5 0.466149 11
1 0.0131985 1
2 0.731074 9
3 0.145565 4
4 0.0429762 2
5 0.562808 8
1 0.225086 5
2 0.0796084 3
3 0.0650852 3
4 0.221503 5
5 0.20075 7
1 0.2289 5
2 0.0858595 3
3 0.101238 4
4 0.0970304 4
5 0.495305 9
1 0.433443 7
2 0.072713 3
3 0.913403 10
4 2.12168 18
5 0.0531263 2
1 0.728451 9
2 0.322941 6
3 0.251353 8
4 0.129317 5
5 0.845227 14
1 0.231856 5
2 2.08757 15
3 0.315856 9
4 1.29178 17
5 0.308076 9
1 0.735729 9
2 0.298916 8
3 1.30198 12
4 0.140018 5
5 0.235757 8
1 0.323378 6
2 0.127667 5
3 0.488348 10
4 2.43502 18
5 0.204743 7
1 0.574183 8
2 0.877748 10
3 0.156477 6
4 0.0490094 2
5 0.201296 7
1 2.70269 17
2 0.245056 8
3 0.016768 1
4 0.0728333 3
5 0.234585 5
1 0.0132533 1
2 0.134766 4
3 0.31351 6
4 0.330836 9
5 0.1555 6
1 0.437598 7
2 0.576765 8
3 0.680805 13
4 0.604494 12
5 0.156558 6
1 0.0148445 1
2 0.0129579 1
3 0.726372 9
4 0.454576 8
5 0.186648 7
1 3.02739 18
2 1.07569 11
3 0.557327 12
4 0.366972 9
5 0.233989 8
1 0.580417 8
2 0.13228 5
3 0.141255 4
4 0.365901 9
5 0.127129 5
1 0.44735 7
2 0.573794 8
3 0.150838 6
4 0.724991 9
5 2.45573 17
1 2.09911 15
2 1.02677 15
3 0.0146354 1
4 0.104314 4
5 1.07332 14
1 0.0850309 3
2 0.568731 8
3 0.237477 8
4 0.0738451 3
5 0.2522 8
1 0.907889 10
2 1.31176 12
3 0.58331 12
4 0.473903 11
5 0.0756771 3
1 1.32973 12
2 0.0477909 2
3 0.91049 10
4 0.14765 6
5 0.297625 9
1 0.42941 7
2 1.56173 13
3 0.226407 5
4 1.75778 19
5 1.10131 15
1 0.894355 10
2 0.435846 7
3 0.858985 10
4 0.0712546 3
5 1.54542 17
1 1.10707 11
2 1.23361 12
3 0.0454107 2
4 0.172636 6
5 0.256144 8
1 1.09581 11
2 0.304293 9
3 0.103431 4
4 0.196545 7
5 0.485605 11
1 1.09421 11
2 0.413067 10
3 0.372682 10
4 0.132285 5
5 0.795348 14
1 0.434897 7
2 0.141918 4
3 0.910864 10
4 0.15078 6
5 0.0408548 2
1 1.11495 11
2 0.224904 5
3 0.16092 6
4 0.476451 11
5 0.307534 9
1 1.09143 11
2 0.215467 6
3 0.379088 10
4 0.297455 8
5 0.364498 10
1 0.738586 9
2 0.0798431 3
3 0.894486 10
4 0.125214 5
5 0.433847 9
1 0.22643 5
2 1.56657 13
3 0.161714 6
4 1.19951 13
5 2.08514 16
1 0.310863 6
2 0.912357 10
3 0.732482 9
4 0.126429 5
5 0.332609 8
1 0.591236 8
2 1.64503 16
3 0.38413 10
4 0.0158832 1
5 0.0687188 3
1 0.741712 9
2 0.33736 9
3 0.075848 2
4 0.369404 10
5 0.130454 4
1 0.079792 3
2 0.211686 5
3 0.173052 6
4 0.431378 7
5 0.446765 9
1 0.0881972 3
2 0.230813 5
3 1.8045 14
4 2.38749 16
5 0.303575 9
1 1.34129 12
2 0.146467 4
3 0.905741 10
4 0.932599 14
5 0.482569 11
1 0.0393123 2
2 0.134721 4
3 0.181227 5
4 0.0888939 3
5 1.05624 11
1 1.09571 11
2 0.0123236 1
3 0.722106 9
4 0.0501825 2
5 0.877215 12
1 0.320224 6
2 2.08468 15
3 0.0479267 2
4 0.625645 11
5 1.10496 16
1 1.11297 11
2 0.192783 7
3 0.802258 14
4 0.244531 8
5 0.685045 9
1 1.80158 14
2 0.568181 10
3 0.300596 9
4 0.191568 7
5 0.65706 11
1 1.33231 12
2 1.10097 11
3 0.951844 14
4 0.016493 1
5 1.98774 20
1 2.38138 16
2 0.477128 11
3 0.0741515 3
4 0.304502 9
5 0.393766 10
1 0.0209123 1
2 1.56047 13
3 0.156371 6
4 0.583733 12
5 0.140609 5
1 1.12407 11
2 0.110406 4
3 0.0834453 3
4 1.18839 13
5 0.281224 8
1 0.450957 7
2 1.10475 11
3 0.175992 6
4 0.183496 7
5 1.36422 17
1 0.731795 9
2 0.20146 6
3 0.999276 12
4 0.32372 9
5 0.15496 6
1 0.324307 6
2 0.137543 5
3 0.90788 10
4 0.0444458 2
5 2.70251 18
1 0.425099 7
2 0.85297 13
3 0.196633 7
4 0.382331 9
5 0.161572 6
1 0.906253 10
2 0.228347 5
3 0.150015 6
4 0.46996 8
5 0.200415 7
1 1.81082 14
2 0.2441 8
3 0.564418 12
4 0.373345 9
5 0.337286 9
1 0.0488712 2
2 0.0446426 2
3 2.10028 15
4 0.301699 9
5 0.287148 8
1 0.321962 6
2 4.18121 21
3 1.56209 13
4 0.488513 11
5 0.0717729 3
1 0.90587 10
2 0.391706 10
3 0.824369 11
4 0.368171 7
5 0.154596 6
1 0.0475516 2
2 0.157611 6
3 0.144686 5
4 2.38457 17
5 0.20721 7
1 0.0453994 2
2 0.0478056 2
3 0.908172 10
4 0.0494078 2
5 0.450358 11
1 0.222458 5
2 0.578448 8
3 1.51618 18
4 0.399622 10
5 0.466729 11
1 0.219433 5
2 0.907089 10
3 0.885151 10
4 0.567202 8
5 1.11183 14
1 2.38826 16
2 0.297955 6
3 0.298529 9
4 0.253964 8
5 0.0431257 2
1 0.736271 9
2 0.0396167 2
3 0.581949 8
4 1.55899 13
5 2.06271 20
1 0.435454 7
2 0.499985 9
3 1.15155 15
4 0.0509062 2
5 0.152924 6
1 1.31082 12
2 0.160621 6
3 0.159564 6
4 0.15185 6
5 0.498495 11
1 0.145719 4
2 0.423591 7
3 0.91978 10
4 0.395026 10
5 0.0684812 3
1 0.13591 4
2 1.55278 13
3 1.2808 15
4 1.54252 18
5 0.375453 10
1 0.14005 4
2 0.42724 7
3 0.335383 9
4 0.0519715 2
5 0.581169 12
1 0.21997 5
2 2.37778 16
3 0.103392 4
4 1.36389 15
5 0.13373 5
1 0.308963 6
2 1.37774 16
3 0.0985516 4
4 0.048478 2
5 1.05404 14
1 0.906777 10
2 1.54363 13
3 0.128009 5
4 0.203551 7
5 0.67254 13
1 0.1532 4
2 0.143513 4
3 0.0704515 3
4 0.0498626 2
5 0.136152 5
1 0.0142484 1
2 2.39159 16
3 0.945122 15
4 0.37141 10
5 0.575549 12
1 1.32035 12
2 0.729276 9
3 0.241981 8
4 0.160562 6
5 0.074599 3
1 0.718496 9
2 0.220232 5
3 1.92916 15
4 0.563576 12
5 0.0883787 4
1 0.572502 8
2 0.633774 10
3 0.372825 10
4 0.736407 13
5 0.325322 8
1 3.33602 19
2 0.23823 8
3 1.33904 17
4 0.354483 9
5 0.237539 8
1 2.08296 15
2 0.381315 9
3 0.331866 9
4 0.568437 12
5 0.432473 10
1 0.144782 4
2 1.08988 11
3 0.370474 10
4 0.10464 4
5 0.101837 4
1 0.0907297 3
2 1.55882 13
3 0.0491812 2
4 0.130901 5
5 0.464657 8
1 0.225037 5
2 1.53333 13
3 0.620843 12
4 0.0785045 3
5 0.135787 5
1 0.929587 10
2 0.0468096 2
3 0.0741172 3
4 0.912632 10
5 0.29587 9
1 0.143086 4
2 3.03777 18
3 0.51328 11
4 0.0735677 3
5 0.104107 4
1 0.313422 6
2 0.118898 4
3 0.143297 4
4 0.0435387 2
5 0.104821 4
1 1.55227 13
2 0.477051 11
3 0.557846 12
4 0.0777545 3
5 0.885201 14
1 0.0132901 1
2 3.03037 18
3 1.74943 19
4 0.160198 6
5 0.381511 10
1 0.905164 10
2 0.326403 8
3 0.642242 12
4 0.504886 9
5 0.0131727 1
1 0.324961 6
2 0.632014 10
3 3.78488 20
4 0.239666 8
5 0.808649 14
1 1.10372 11
2 0.691349 13
3 1.03982 15
4 1.7741 14
1 0.149154 4
2 0.220189 5
3 0.145578 4
4 1.71493 17
5 0.244163 8
1 1.11004 11
2 0.37149 8
3 0.557525 12
4 0.344691 9
5 3.04226 18
1 2.67756 17
2 1.51851 18
3 0.686493 13
4 0.567352 11
5 0.295968 9
1 0.225821 5
2 0.074069 3
3 0.0189996 1
4 0.567667 8
5 0.315595 6
1 1.57158 13
2 0.138488 5
3 0.465767 11
4 0.316446 9
5 1.68064 19
1 0.230074 5
2 0.0774142 3
3 1.83775 14
4 0.164711 6
5 0.345972 9
1 0.0436508 2
2 0.108619 4
3 1.31764 12
4 0.731024 9
5 0.375888 10
1 1.33368 12
2 0.312701 6
3 0.0755661 3
4 0.311724 9
5 0.558102 12
1 0.211556 5
2 1.31784 12
3 0.0182136 1
4 0.447591 7
5 0.0999319 4
1 0.435836 7
2 1.66542 15
3 0.296788 9
4 1.27919 17
5 0.458255 11
1 1.55646 13
2 0.72709 9
3 0.321898 6
4 0.208264 7
5 0.194782 7
1 0.577809 8
2 0.120699 4
3 0.0393903 2
4 0.801165 12
5 0.248223 8
1 1.80577 14
2 1.61719 17
3 0.706431 11
4 0.56955 12
5 0.100969 4
1 0.739871 9
2 0.209266 5
3 0.642834 11
4 0.303369 9
5 0.0970504 4
1 0.744647 9
2 0.101382 4
3 0.263877 8
4 0.132904 5
5 0.139638 4
1 2.39376 16
2 0.0499848 2
3 0.359802 7
4 0.0456291 2
5 0.240736 8
1 0.0207022 1
2 1.09491 11
3 0.53174 11
4 0.143252 4
5 0.0811824 3
1 0.914191 10
2 0.181645 6
3 0.900143 10
4 0.0673503 3
5 0.935599 15
1 2.07866 15
2 0.192935 7
3 0.137132 3
4 0.731746 9
5 0.188421 7
1 1.32048 12
2 0.138845 4
3 0.435354 7
4 0.966168 11
5 0.560079 12
1 0.0886487 3
2 2.3777 16
3 1.5483 13
4 1.25787 17
5 0.294323 9
1 1.37777 13
2 0.0427101 2
3 0.570959 8
4 0.676936 9
5 0.569839 12
1 0.901335 10
2 0.562749 8
3 0.217767 5
4 0.166219 6
5 0.018807 1
1 0.141539 4
2 0.867965 12
3 2.1448 20
4 0.131161 5
5 0.456246 11
1 0.588545 8
2 0.189061 7
3 0.0458424 2
4 2.09174 15
5 0.467779 11
1 0.313134 6
2 0.203894 6
3 1.56469 13
4 0.371103 8
5 0.101557 4
1 0.904701 10
2 0.666057 12
3 0.740212 9
4 0.046928 2
5 0.817458 13
1 2.38257 16
2 0.0859748 3
3 0.551282 12
4 0.0202764 1
5 0.940442 15
1 0.897433 10
2 0.589923 12
3 0.133755 5
4 0.673816 13
5 0.308417 9
1 0.739724 9
2 0.0948361 3
3 0.940751 15
4 0.415735 10
5 0.189353 7
1 1.55235 13
2 0.727237 12
3 0.184576 7
4 0.0446745 2
5 1.92036 16
1 1.31027 12
2 0.159594 6
3 0.0140783 1
4 0.666806 13
5 0.138408 5
1 0.318488 6
2 1.31367 12
3 0.457952 11
4 0.132079 5
5 0.37881 10
1 0.5827 8
2 2.38379 16
3 1.33236 12
4 0.318263 9
5 0.392213 10
1 2.38059 16
2 0.456955 11
3 0.674576 11
4 0.58375 12
5 0.308738 9
1 0.89575 10
2 0.745518 12
3 0.867201 12
4 0.578109 12
5 0.186234 7
1 0.581025 8
2 0.29115 7
3 0.316163 9
4 0.993358 14
5 1.7867 19
1 0.430719 7
2 1.80998 14
3 2.03191 17
4 0.464857 11
5 0.248171 8
1 0.318687 6
2 0.433244 7
3 1.49821 16
4 0.903498 14
5 0.175772 6
1 0.729699 9
2 1.53912 13
3 0.247624 7
4 0.15296 6
5 0.924954 15
1 0.732101 9
2 0.0700054 3
3 1.14526 12
4 0.109894 4
5 0.0534467 2
1 0.562837 8
2 0.463584 11
3 0.622067 12
4 0.68505 13
5 0.012939 1
1 1.1043 11
2 1.55089 13
3 0.245043 8
4 0.299833 9
5 0.573504 12
1 0.0548807 2
2 2.60609 17
3 0.157359 6
4 0.241266 8
5 0.0136234 1
1 1.11657 11
2 0.195381 7
3 0.0169711 1
4 0.148227 6
5 0.169096 6
1 0.436461 7
2 0.200171 6
3 0.0152926 1
4 0.156274 6
5 0.721374 12
1 0.726808 9
2 0.0429258 2
3 1.1542 14
4 0.999343 15
5 0.197503 7
1 2.08257 15
2 0.462102 11
3 0.21274 7
4 0.939191 15
5 0.0396759 2
1 0.0902934 3
2 0.324959 6
3 0.337706 9
4 0.898472 10
5 0.36962 10
1 0.209952 5
2 1.11667 11
3 0.131616 4
4 0.161851 6
5 0.902039 14
1 0.842563 10
2 0.131652 5
3 0.447482 10
4 0.0170232 1
5 0.0683077 3
1 0.221823 5
2 0.281687 7
3 0.663905 12
4 0.17357 6
5 0.104376 4
1 1.83969 14
2 0.463455 11
3 1.76066 16
4 0.562682 12
5 0.490697 11
1 0.0859651 3
2 0.0800758 3
3 0.244191 8
4 0.172226 6
5 2.62379 21
1 3.64972 20
2 0.302358 9
3 0.525408 11
4 0.0411452 2
5 0.239623 8
1 0.571121 8
2 0.0419589 2
3 0.71636 12
4 0.0450682 2
5 0.0696485 3
1 0.426933 7
2 0.959456 14
3 1.50091 16
4 0.2549 8
5 0.131283 5
1 0.148841 4
2 1.34251 12
3 0.46068 11
4 0.807273 11
5 0.20478 6
1 1.54238 13
2 0.630759 12
3 0.39829 10
4 0.193964 7
5 0.564098 12
1 0.578204 8
2 0.157942 6
3 0.078466 3
4 0.150002 4
5 0.191376 7
1 1.09522 11
2 1.56838 13
3 0.0796179 3
4 1.11325 11
5 0.834598 14
1 0.57104 8
2 0.72879 9
3 0.460702 11
4 1.27421 17
5 0.147986 6
1 1.56036 13
2 1.10012 15
3 1.0425 15
4 0.31502 9
5 0.193396 7
1 1.82182 14
2 0.841108 14
3 0.251774 8
4 0.376016 10
5 0.603667 12
1 0.906729 10
2 0.130016 5
3 0.516546 11
4 0.850237 10
5 0.679241 13
1 1.31479 12
2 0.303752 9
3 0.193088 7
4 0.206887 6
5 0.482812 10
1 0.716596 9
2 1.78554 14
3 0.104332 4
4 1.05806 15
5 0.657266 12
1 0.229125 5
2 0.0847791 3
3 0.0662141 3
4 0.12794 5
5 1.15453 14
1 3.04881 18
2 0.129954 5
3 0.382599 10
4 0.304682 9
5 0.0743591 3
1 1.10459 11
2 0.125235 5
3 0.59497 11
4 0.586029 12
5 0.721312 13
1 0.0905276 3
2 0.0403891 2
3 3.04105 18
4 0.241347 8
5 0.561726 12
1 0.145982 4
2 0.571994 8
3 0.849822 10
4 0.195636 7
5 0.0832503 3
1 1.81126 14
2 0.0469343 2
3 0.38753 8
4 0.0473021 2
5 0.141707 5
1 0.731523 9
2 0.298703 9
3 0.572477 8
4 0.222836 5
5 0.236274 8
1 0.048262 2
2 0.090813 3
3 0.806084 11
4 0.509295 8
5 0.474672 11
1 0.726969 9
2 0.129322 4
3 0.140172 5
4 0.308287 6
5 0.495664 11
1 0.082847 3
2 2.94187 18
3 1.08851 16
4 2.41944 22
5 0.155491 6
1 0.724794 9
2 0.748893 9
3 0.866824 13
4 0.201784 7
5 0.301388 9
1 1.55494 13
2 0.247373 8
3 0.429938 7
4 3.4098 19
5 0.100806 4
1 0.312053 6
2 1.33817 12
3 0.629673 11
4 0.197803 6
5 0.106315 4
1 0.0137232 1
2 0.0783486 3
3 0.0863954 3
4 1.11333 11
5 0.104231 4
1 0.732678 9
2 0.138596 4
3 0.0752084 3
4 0.0750869 3
5 0.572639 8
1 0.449109 7
2 2.41689 19
3 0.469412 11
4 0.114659 4
5 0.37487 10
1 0.317327 6
2 0.134471 5
3 0.162763 6
4 0.728761 9
5 0.149038 6
1 2.3941 16
2 0.272131 8
3 0.372328 10
4 0.958244 14
5 0.149048 6
1 0.428269 7
2 0.136694 4
3 0.75267 9
4 0.11203 3
5 1.50604 17
1 0.443425 7
2 0.147563 4
3 0.563034 10
4 0.473262 11
5 0.0472784 2
1 0.753856 9
2 0.640092 12
3 0.133037 5
4 0.195936 7
5 0.592404 12
1 0.210591 5
2 2.70333 17
3 0.690788 13
4 1.09447 11
5 0.178539 7
1 1.1089 11
2 0.188581 7
3 0.251378 8
4 0.304962 9
5 0.194033 7
1 0.0927848 3
2 2.09043 15
3 1.33564 12
4 0.299812 9
5 0.571398 12
1 2.39304 16
2 0.247597 8
3 0.243835 8
4 0.250488 8
5 0.52256 11
1 0.569574 8
2 0.72074 9
3 1.20916 12
4 0.708832 13
5 0.376242 10
1 0.322806 6
2 0.901331 10
3 0.886895 14
4 0.190825 6
5 0.682244 13
1 0.59503 8
2 0.185058 7
3 0.871319 10
4 2.04024 19
5 0.122539 5
1 1.09339 11
2 0.0724774 3
3 3.04548 18
4 0.0739853 3
5 0.236093 8
1 0.223842 5
2 1.10082 11
3 0.384207 10
4 0.147075 4
5 0.190759 7
1 0.0778163 3
2 0.0775915 3
3 0.893998 10
4 0.391182 8
5 0.704448 12
1 0.58107 8
2 1.25148 12
3 0.561608 11
4 0.15607 6
5 0.196865 7
1 2.72076 17
2 0.0157568 1
3 0.797662 14
4 0.242665 8
5 0.491283 11
1 0.0802224 3
2 2.10836 15
3 0.202835 7
4 0.0515405 2
5 0.244088 8
1 0.33013 6
2 1.32908 12
3 0.236115 7
4 0.334263 9
5 0.0176829 1
1 0.4397 7
2 1.0954 11
3 0.472221 11
4 0.0779767 3
5 0.124826 5
1 0.0140616 1
2 0.141549 4
3 1.49137 15
4 1.4694 17
5 0.797141 14
1 0.572475 8
2 1.7995 14
3 0.580423 12
4 0.101058 4
5 0.302505 9
1 1.10919 11
2 0.302622 9
3 1.11352 16
4 0.389468 10
5 0.161924 6
1 1.81203 14
2 0.337053 6
3 0.938815 15
4 0.153621 6
5 0.133289 5
1 0.22801 5
2 0.0784548 3
3 0.0169532 1
4 0.100654 4
5 1.33285 12
1 0.736604 9
2 0.371278 8
3 2.39102 16
4 0.159716 6
5 0.310131 9
1 1.32735 12
2 0.933666 10
3 0.881386 14
4 0.411586 10
5 0.78023 12
1 0.0178789 1
2 0.907362 10
3 1.09828 16
4 1.33749 12
5 1.45621 18
1 1.55896 13
2 0.417488 10
3 0.101978 4
4 1.47697 15
5 0.0897592 4
1 2.38051 16
2 1.0932 11
3 0.368979 9
4 0.570913 12
5 0.505531 11
1 2.08494 15
2 0.738971 9
3 0.310479 9
4 0.614286 12
5 0.378202 10
1 1.32417 12
2 0.561428 8
3 0.123632 5
4 0.63416 11
5 0.617646 11
1 1.10446 11
2 0.393854 9
3 0.158935 6
4 0.714682 13
5 0.305047 9
1 1.11301 11
2 0.535115 10
3 0.528286 11
4 1.12356 15
5 1.94142 20
1 0.725079 9
2 0.690824 9
3 0.438715 10
4 0.161599 6
5 0.0183424 1
1 0.593339 8
2 0.14517 5
3 0.137844 4
4 0.206334 7
5 0.257009 8
1 1.80938 14
2 1.72842 18
3 0.168562 6
4 0.165893 6
5 0.193131 7
1 0.310177 6
2 0.912294 10
3 1.42882 13
4 0.24832 8
5 0.842233 14
1 0.909013 10
2 0.0746404 3
3 0.454827 11
4 2.86134 19
5 0.151301 6
1 3.39427 19
2 0.566656 12
3 0.283881 8
4 0.13012 5
5 1.10868 16
1 2.39322 16
2 0.307759 9
3 0.102069 4
4 0.441187 9
5 2.41144 21
1 0.739643 9
2 0.0807058 3
3 0.149255 6
4 0.312933 9
5 0.099172 4
1 0.151523 4
2 0.939751 11
3 0.315786 9
4 1.96445 15
5 1.06407 15
1 0.0174999 1
2 0.218713 5
3 0.422271 7
4 0.127515 5
5 0.647918 10
1 1.10387 11
2 0.155458 6
3 0.169573 6
4 0.956356 14
5 1.74096 18
1 0.14736 4
2 0.911614 10
3 0.210056 7
4 0.072731 3
5 0.587512 12
1 0.443436 7
2 1.20261 16
3 0.70306 13
4 0.103267 4
5 0.471062 11
1 0.438852 7
2 0.330924 6
3 0.435772 7
4 0.0770123 3
5 0.460864 8
1 0.143732 4
2 0.142219 4
3 0.202843 7
4 0.487929 10
5 0.69808 13
1 0.225366 5
2 0.654575 12
3 0.247686 8
4 0.684197 13
5 0.0903096 3
1 1.31253 12
2 0.207867 6
3 1.18855 15
4 1.44524 17
5 0.156711 6
1 0.0195007 1
2 1.82777 14
3 1.31713 12
4 0.140767 5
5 0.0713359 3
1 2.70336 17
2 0.801334 14
3 1.00927 15
4 0.159952 6
5 0.566479 12
1 0.738208 9
2 0.572638 10
3 1.29504 17
4 0.241686 8
5 0.593163 10
1 0.591821 8
2 0.15683 6
3 0.744573 9
4 1.47541 18
5 0.156029 6
1 0.900648 10
2 0.158553 6
3 0.191138 7
4 0.718067 13
5 0.101845 4
1 0.75342 9
2 0.13243 4
3 1.2734 12
4 0.751059 11
5 0.259365 8
1 0.320267 6
2 1.81819 14
3 0.308838 9
4 0.159155 6
5 0.594261 12
1 0.230132 5
2 0.237162 5
3 0.742502 9
4 0.82303 14
5 0.239767 8
1 0.133864 4
2 0.43766 7
3 0.985078 13
4 0.202752 7
5 1.16061 16
1 0.914022 10
2 0.312744 6
3 0.298264 9
4 0.100827 4
5 0.674333 13
1 0.430933 7
2 0.576446 8
3 0.214061 7
4 0.728406 13
5 0.192706 7
1 2.08103 15
2 0.429513 10
3 0.407258 10
4 1.29283 14
5 1.12852 15
1 0.436968 7
2 0.237058 7
3 0.3288 8
4 0.125064 5
5 0.72931 11
1 0.136328 4
2 0.324705 8
3 1.13099 11
4 0.30689 9
5 0.296942 9
1 1.13252 11
2 2.82887 18
3 0.621482 12
4 0.315834 9
5 0.238891 8
1 0.438769 7
2 0.305987 6
3 0.289867 8
4 0.241445 8
5 1.10603 11
1 3.03962 18
2 0.154721 6
3 1.24586 16
4 0.824063 14
5 0.0682351 3
1 1.10933 11
2 0.754212 11
3 0.505316 11
4 0.138824 4
5 0.59396 8
1 1.81296 14
2 0.128577 5
3 0.047255 2
4 0.304052 9
5 3.0154 21
1 0.0812701 3
2 0.43642 7
3 0.172078 6
4 0.421273 10
5 0.139904 5
1 0.562157 8
2 0.0811402 3
3 0.151844 6
4 0.0135532 1
5 1.31777 12
1 2.39536 16
2 0.0816762 3
3 0.215084 7
4 0.383252 10
5 0.194795 7
1 0.574191 8
2 1.0989 11
3 2.4904 18
4 0.385856 10
5 0.720299 13
1 0.317212 6
2 0.0819538 3
3 0.0474434 2
4 1.81083 14
5 0.0937626 4
1 0.0902696 3
2 0.429261 7
3 0.901695 10
4 0.812418 13
5 1.1005 16
1 2.71799 17
2 0.432977 7
3 1.32519 13
4 1.98535 20
5 0.102658 4
1 0.144345 4
2 0.982701 14
3 0.0480239 2
4 1.10465 11
5 0.0733835 2
1 2.0961 15
2 0.66597 12
3 0.081724 3
4 0.0685541 3
5 0.464504 11
1 2.39157 16
2 0.329539 9
3 0.0754641 3
4 0.172731 6
5 0.810807 14
1 0.0472248 2
2 1.81726 14
3 0.152768 6
4 1.68954 19
5 0.0764558 3
1 0.913817 10
2 1.88234 19
3 0.122504 5
4 0.127 5
5 0.0720003 3
1 0.207739 5
2 0.312921 9
3 0.282422 8
4 1.80992 14
5 0.122597 5
1 0.214496 5
2 1.61423 18
3 0.212672 5
4 0.668697 13
5 0.678345 13
1 0.0480639 2
2 1.17009 14
3 0.0776637 3
4 0.11137 4
5 0.385925 10
1 0.322229 6
2 0.431709 7
3 0.139558 4
4 0.233256 7
5 1.18412 13
1 0.923966 10
2 0.128928 5
3 0.806443 11
4 0.416357 9
5 0.192288 7
1 0.316909 6
2 0.144402 4
3 0.10918 4
4 0.737729 9
5 0.941687 12
1 0.0814396 3
2 0.31227 6
3 0.213787 6
4 0.63462 10
5 0.471507 11
1 0.567398 8
2 0.582019 8
3 0.81931 11
4 0.671116 13
5 0.682886 12
1 0.445686 7
2 1.46151 17
3 0.653862 11
4 0.317172 9
5 0.682471 13
1 1.8107 14
2 1.4994 13
3 0.0644328 3
4 0.161703 6
5 0.808472 14
1 3.39642 19
2 1.53344 14
3 1.90212 20
4 0.392112 10
5 1.5861 18
1 1.10751 11
2 0.434802 10
3 0.138297 5
4 0.253466 8
5 0.494663 11
1 0.144092 4
2 1.10639 11
3 0.135505 5
4 0.155945 6
5 0.107981 4
1 1.8192 14
2 2.08572 15
3 0.527925 11
4 0.462393 11
5 0.243264 8
1 0.13886 4
2 0.315048 6
3 0.447233 7
4 0.647881 10
5 0.569631 12
1 1.82047 14
2 0.336705 8
3 0.202457 7
4 0.685427 13
5 0.131336 5
1 0.904384 10
2 1.2711 12
3 0.294718 9
4 0.570603 12
5 0.149501 6
1 2.38156 16
2 0.293159 7
3 0.108363 4
4 0.042636 2
5 0.120332 5
1 0.600704 8
2 0.140829 5
3 1.32005 12
4 0.315566 6
5 0.0192665 1
1 0.321972 6
2 1.55231 13
3 0.133052 5
4 1.57332 18
5 0.162593 6
1 0.57032 8
2 0.193345 7
3 1.30967 16
4 0.0147215 1
5 0.464508 11
1 0.427317 7
2 0.285567 7
3 0.433089 10
4 0.387423 8
5 0.196159 7
1 0.0840946 3
2 0.224378 5
3 0.147537 4
4 1.55488 13
5 0.455848 8
1 2.8914 18
2 0.69919 13
3 0.108133 4
4 0.190301 7
5 0.153657 5
1 0.724174 9
2 0.202088 6
3 0.462221 11
4 0.0992602 4
5 0.722514 13
