1 	 27 	 3 	 153
2 	 227 	 13 	 159
3 	 189 	 13 	 128
4 	 135 	 10 	 8
5 	 165 	 12 	 151
1 	 83 	 5 	 5
2 	 95 	 5 	 104
3 	 145 	 9 	 26
4 	 85 	 6 	 92
5 	 237 	 17 	 40
1 	 155 	 8 	 25
2 	 229 	 15 	 138
3 	 151 	 9 	 80
4 	 125 	 8 	 35
5 	 95 	 6 	 35
1 	 171 	 8 	 166
2 	 201 	 9 	 33
3 	 55 	 3 	 128
4 	 241 	 9 	 29
5 	 111 	 7 	 56
1 	 99 	 8 	 98
2 	 127 	 7 	 168
3 	 147 	 9 	 24
4 	 157 	 8 	 95
5 	 217 	 15 	 166
1 	 235 	 9 	 153
2 	 204 	 5 	 135
3 	 153 	 7 	 152
4 	 211 	 16 	 52
5 	 163 	 8 	 149
1 	 33 	 3 	 65
2 	 174 	 2 	 18
3 	 63 	 5 	 109
4 	 141 	 9 	 99
5 	 123 	 8 	 118
1 	 303 	 11 	 34
2 	 143 	 11 	 42
3 	 139 	 8 	 39
4 	 23 	 1 	 140
5 	 51 	 3 	 13
1 	 195 	 11 	 6
2 	 71 	 4 	 73
3 	 305 	 17 	 78
4 	 23 	 1 	 148
5 	 69 	 4 	 85
1 	 203 	 11 	 137
2 	 59 	 4 	 95
3 	 139 	 9 	 89
4 	 103 	 7 	 79
5 	 23 	 1 	 86
1 	 31 	 4 	 72
2 	 87 	 5 	 156
3 	 137 	 7 	 25
4 	 55 	 6 	 9
5 	 247 	 11 	 168
1 	 235 	 10 	 14
2 	 55 	 3 	 36
3 	 37 	 3 	 148
4 	 291 	 13 	 96
5 	 251 	 15 	 26
1 	 147 	 9 	 139
2 	 35 	 2 	 120
3 	 281 	 14 	 39
4 	 195 	 11 	 95
5 	 171 	 7 	 16
1 	 199 	 7 	 81
2 	 139 	 6 	 124
3 	 145 	 10 	 158
4 	 207 	 13 	 89
5 	 131 	 8 	 67
1 	 171 	 2 	 72
2 	 103 	 11 	 153
3 	 61 	 4 	 72
4 	 65 	 4 	 126
5 	 39 	 4 	 61
1 	 39 	 2 	 40
2 	 97 	 7 	 111
3 	 233 	 13 	 118
4 	 125 	 11 	 26
5 	 157 	 6 	 159
1 	 261 	 12 	 30
2 	 165 	 10 	 56
3 	 133 	 9 	 58
4 	 243 	 12 	 114
5 	 121 	 7 	 156
1 	 95 	 6 	 69
2 	 137 	 8 	 135
3 	 255 	 11 	 128
4 	 281 	 18 	 145
5 	 303 	 18 	 34
1 	 83 	 6 	 90
2 	 137 	 6 	 27
3 	 265 	 13 	 139
4 	 55 	 4 	 120
5 	 43 	 5 	 106
1 	 41 	 3 	 151
2 	 307 	 16 	 128
3 	 207 	 11 	 37
5 	 105 	 6 	 97
1 	 141 	 6 	 108
2 	 49 	 4 	 88
3 	 177 	 11 	 31
4 	 183 	 11 	 145
5 	 89 	 6 	 108
1 	 65 	 6 	 1
2 	 173 	 10 	 142
3 	 141 	 8 	 91
4 	 99 	 5 	 55
5 	 73 	 5 	 161
1 	 123 	 6 	 59
2 	 121 	 6 	 40
3 	 229 	 12 	 162
4 	 103 	 9 	 70
5 	 261 	 17 	 109
1 	 151 	 6 	 124
2 	 279 	 11 	 93
3 	 218 	 13 	 145
4 	 333 	 16 	 125
5 	 69 	 9 	 4
1 	 123 	 8 	 11
2 	 247 	 16 	 150
3 	 149 	 7 	 167
5 	 121 	 11 	 138
1 	 131 	 7 	 21
2 	 117 	 8 	 23
3 	 141 	 11 	 134
4 	 95 	 6 	 83
5 	 125 	 11 	 87
1 	 291 	 15 	 5
2 	 251 	 16 	 14
3 	 179 	 11 	 123
4 	 229 	 12 	 6
5 	 141 	 10 	 84
1 	 211 	 11 	 84
2 	 71 	 7 	 87
3 	 219 	 11 	 154
4 	 37 	 4 	 71
5 	 257 	 13 	 62
1 	 175 	 10 	 36
2 	 277 	 12 	 98
3 	 71 	 5 	 108
4 	 165 	 6 	 168
5 	 145 	 14 	 135
1 	 19 	 1 	 74
2 	 65 	 4 	 59
3 	 123 	 7 	 54
4 	 121 	 7 	 98
5 	 186 	 5 	 42
1 	 117 	 7 	 125
2 	 113 	 8 	 33
3 	 43 	 3 	 48
4 	 39 	 2 	 84
5 	 119 	 7 	 102
1 	 73 	 4 	 59
2 	 319 	 17 	 152
3 	 107 	 10 	 127
4 	 191 	 13 	 120
5 	 125 	 7 	 82
1 	 337 	 20 	 63
2 	 223 	 12 	 146
3 	 221 	 11 	 95
4 	 95 	 6 	 147
5 	 187 	 15 	 102
1 	 299 	 11 	 90
2 	 45 	 3 	 167
3 	 79 	 6 	 46
4 	 35 	 3 	 27
5 	 113 	 8 	 144
1 	 64 	 4 	 59
2 	 105 	 5 	 163
3 	 83 	 5 	 121
4 	 195 	 13 	 1
5 	 75 	 9 	 12
1 	 309 	 19 	 98
2 	 91 	 6 	 34
3 	 309 	 16 	 64
4 	 151 	 11 	 118
5 	 51 	 5 	 166
1 	 291 	 10 	 85
2 	 61 	 4 	 144
3 	 143 	 11 	 24
4 	 333 	 18 	 65
5 	 43 	 4 	 24
1 	 163 	 10 	 107
2 	 267 	 15 	 86
3 	 169 	 12 	 58
4 	 33 	 2 	 138
5 	 253 	 11 	 118
1 	 157 	 7 	 133
2 	 115 	 7 	 93
3 	 115 	 11 	 31
4 	 204 	 6 	 125
5 	 81 	 4 	 51
1 	 27 	 3 	 74
2 	 47 	 3 	 76
3 	 283 	 13 	 148
4 	 179 	 11 	 123
5 	 53 	 5 	 141
1 	 35 	 3 	 51
2 	 31 	 2 	 11
3 	 165 	 11 	 153
4 	 335 	 22 	 152
5 	 299 	 18 	 81
1 	 283 	 17 	 74
2 	 211 	 11 	 133
3 	 19 	 1 	 152
4 	 135 	 9 	 154
5 	 37 	 2 	 18
1 	 297 	 10 	 154
2 	 181 	 14 	 95
3 	 105 	 7 	 90
4 	 185 	 16 	 93
5 	 41 	 2 	 103
1 	 83 	 6 	 161
2 	 175 	 10 	 129
3 	 49 	 4 	 1
4 	 57 	 5 	 21
5 	 59 	 5 	 85
1 	 123 	 8 	 38
2 	 119 	 6 	 134
3 	 115 	 11 	 57
4 	 283 	 17 	 139
5 	 93 	 8 	 90
1 	 221 	 8 	 6
2 	 243 	 14 	 53
3 	 95 	 6 	 28
4 	 135 	 7 	 42
5 	 97 	 6 	 132
1 	 237 	 12 	 19
2 	 155 	 13 	 168
3 	 203 	 9 	 132
4 	 187 	 11 	 150
5 	 99 	 9 	 64
1 	 27 	 2 	 9
2 	 277 	 14 	 17
3 	 337 	 21 	 108
4 	 207 	 11 	 122
5 	 197 	 12 	 76
1 	 165 	 9 	 54
2 	 31 	 4 	 166
3 	 117 	 7 	 40
4 	 168 	 6 	 2
5 	 61 	 4 	 97
1 	 199 	 10 	 166
2 	 187 	 8 	 18
3 	 249 	 10 	 81
4 	 173 	 11 	 139
5 	 37 	 3 	 113
1 	 209 	 9 	 38
2 	 165 	 15 	 37
3 	 47 	 3 	 141
4 	 167 	 12 	 72
5 	 69 	 6 	 10
1 	 197 	 10 	 157
2 	 61 	 4 	 14
3 	 135 	 10 	 105
4 	 141 	 9 	 96
5 	 105 	 11 	 147
1 	 157 	 12 	 152
3 	 101 	 9 	 127
4 	 111 	 7 	 26
5 	 121 	 13 	 91
1 	 119 	 6 	 22
2 	 47 	 4 	 44
3 	 31 	 2 	 92
4 	 71 	 5 	 74
5 	 21 	 1 	 69
1 	 299 	 11 	 85
2 	 65 	 6 	 165
3 	 241 	 12 	 123
4 	 131 	 9 	 23
5 	 145 	 9 	 168
1 	 69 	 4 	 165
2 	 113 	 9 	 85
3 	 165 	 9 	 115
4 	 319 	 15 	 162
5 	 149 	 9 	 105
1 	 297 	 15 	 2
2 	 201 	 13 	 93
3 	 45 	 3 	 168
4 	 93 	 6 	 105
5 	 107 	 7 	 101
1 	 159 	 9 	 96
2 	 19 	 1 	 6
3 	 229 	 12 	 114
4 	 197 	 10 	 76
5 	 47 	 4 	 1
1 	 277 	 11 	 45
2 	 55 	 4 	 110
3 	 37 	 2 	 71
4 	 39 	 3 	 161
5 	 13 	 1 	 161
1 	 103 	 7 	 90
2 	 157 	 7 	 28
3 	 159 	 12 	 161
4 	 39 	 2 	 131
5 	 61 	 7 	 38
1 	 75 	 5 	 165
2 	 253 	 16 	 107
3 	 81 	 10 	 68
4 	 204 	 7 	 132
5 	 241 	 18 	 10
1 	 95 	 6 	 60
2 	 159 	 8 	 94
3 	 121 	 12 	 50
4 	 79 	 9 	 15
5 	 35 	 2 	 9
1 	 65 	 7 	 60
2 	 43 	 4 	 80
3 	 147 	 6 	 55
4 	 165 	 9 	 41
5 	 97 	 6 	 135
1 	 319 	 18 	 150
2 	 55 	 6 	 165
3 	 69 	 6 	 8
4 	 231 	 14 	 34
5 	 119 	 9 	 108
1 	 33 	 2 	 74
2 	 237 	 8 	 79
3 	 295 	 10 	 69
4 	 83 	 7 	 142
5 	 93 	 6 	 109
1 	 301 	 16 	 33
2 	 115 	 7 	 135
3 	 69 	 5 	 124
4 	 185 	 13 	 57
5 	 103 	 7 	 150
1 	 283 	 14 	 59
2 	 23 	 1 	 155
3 	 205 	 14 	 96
4 	 99 	 6 	 59
5 	 29 	 3 	 126
1 	 91 	 6 	 76
2 	 141 	 6 	 77
3 	 109 	 6 	 36
4 	 227 	 11 	 97
5 	 103 	 9 	 11
1 	 249 	 15 	 73
2 	 59 	 4 	 144
3 	 47 	 5 	 49
4 	 143 	 10 	 71
5 	 307 	 19 	 130
1 	 225 	 12 	 22
2 	 55 	 6 	 145
3 	 187 	 12 	 163
4 	 81 	 8 	 107
5 	 183 	 7 	 13
1 	 189 	 9 	 119
2 	 229 	 15 	 84
3 	 169 	 13 	 63
4 	 207 	 14 	 95
5 	 41 	 3 	 10
1 	 43 	 4 	 145
2 	 111 	 8 	 112
3 	 223 	 12 	 14
4 	 205 	 12 	 69
5 	 67 	 4 	 151
1 	 217 	 8 	 43
2 	 237 	 14 	 126
3 	 65 	 4 	 120
4 	 267 	 14 	 38
5 	 87 	 8 	 132
1 	 319 	 14 	 7
2 	 201 	 11 	 66
3 	 131 	 10 	 34
4 	 113 	 9 	 124
5 	 121 	 7 	 86
1 	 65 	 5 	 26
2 	 61 	 4 	 86
3 	 49 	 4 	 75
4 	 123 	 9 	 147
5 	 97 	 8 	 123
1 	 307 	 14 	 58
2 	 190 	 4 	 62
3 	 41 	 3 	 41
4 	 13 	 1 	 38
5 	 85 	 6 	 167
1 	 129 	 8 	 18
2 	 21 	 2 	 160
3 	 85 	 9 	 3
4 	 69 	 5 	 82
5 	 125 	 8 	 78
1 	 57 	 4 	 85
2 	 265 	 14 	 53
3 	 47 	 4 	 43
4 	 37 	 2 	 117
5 	 307 	 16 	 44
1 	 33 	 2 	 120
2 	 77 	 5 	 19
3 	 47 	 4 	 108
4 	 197 	 12 	 79
5 	 203 	 15 	 100
1 	 297 	 17 	 100
2 	 39 	 3 	 102
3 	 309 	 19 	 113
4 	 129 	 13 	 100
5 	 227 	 11 	 144
1 	 99 	 6 	 142
2 	 93 	 7 	 87
3 	 101 	 5 	 62
4 	 87 	 6 	 130
5 	 227 	 10 	 70
1 	 109 	 6 	 30
2 	 61 	 4 	 92
3 	 83 	 10 	 123
4 	 93 	 7 	 82
5 	 161 	 12 	 33
1 	 169 	 7 	 147
2 	 235 	 9 	 62
3 	 113 	 5 	 54
4 	 251 	 12 	 54
5 	 35 	 6 	 45
1 	 333 	 15 	 143
2 	 107 	 11 	 37
3 	 167 	 9 	 94
4 	 123 	 10 	 163
5 	 143 	 8 	 28
1 	 279 	 13 	 108
2 	 129 	 11 	 96
3 	 73 	 5 	 96
4 	 271 	 14 	 37
5 	 269 	 16 	 99
1 	 327 	 19 	 116
2 	 155 	 11 	 76
3 	 211 	 11 	 16
4 	 89 	 6 	 30
5 	 147 	 12 	 124
1 	 93 	 7 	 105
2 	 31 	 4 	 143
3 	 223 	 11 	 41
4 	 209 	 13 	 128
5 	 141 	 12 	 147
1 	 61 	 5 	 28
2 	 247 	 11 	 20
3 	 55 	 6 	 46
4 	 23 	 1 	 14
5 	 181 	 11 	 46
1 	 299 	 14 	 42
2 	 223 	 15 	 26
3 	 51 	 3 	 137
4 	 149 	 9 	 57
5 	 127 	 8 	 163
1 	 41 	 2 	 140
2 	 41 	 4 	 22
3 	 255 	 15 	 110
4 	 119 	 5 	 71
5 	 81 	 5 	 142
1 	 6 	 1 	 0
2 	 37 	 2 	 60
3 	 145 	 6 	 64
4 	 69 	 4 	 55
5 	 145 	 10 	 136
1 	 31 	 2 	 128
2 	 51 	 4 	 128
3 	 277 	 12 	 42
4 	 101 	 9 	 60
5 	 259 	 12 	 21
1 	 279 	 12 	 145
2 	 317 	 22 	 34
3 	 87 	 8 	 84
4 	 85 	 4 	 67
5 	 29 	 2 	 1
1 	 281 	 18 	 115
2 	 67 	 6 	 90
3 	 153 	 11 	 56
4 	 245 	 13 	 47
5 	 197 	 12 	 143
1 	 199 	 8 	 95
2 	 113 	 7 	 36
3 	 75 	 8 	 127
4 	 49 	 4 	 96
5 	 131 	 8 	 153
1 	 229 	 14 	 127
2 	 119 	 8 	 58
3 	 61 	 5 	 165
4 	 293 	 14 	 116
5 	 39 	 4 	 2
1 	 223 	 13 	 15
2 	 23 	 3 	 111
3 	 325 	 16 	 117
4 	 85 	 4 	 67
5 	 181 	 14 	 142
1 	 313 	 15 	 13
2 	 151 	 11 	 48
3 	 111 	 10 	 117
4 	 131 	 8 	 110
5 	 47 	 4 	 152
1 	 181 	 8 	 77
2 	 87 	 8 	 141
3 	 41 	 4 	 118
4 	 307 	 13 	 70
5 	 15 	 1 	 105
1 	 201 	 7 	 68
2 	 69 	 5 	 47
3 	 31 	 3 	 34
4 	 191 	 8 	 77
5 	 171 	 9 	 70
1 	 125 	 6 	 35
2 	 127 	 11 	 35
3 	 73 	 7 	 105
4 	 27 	 3 	 150
5 	 171 	 12 	 36
1 	 201 	 11 	 9
2 	 6 	 1 	 0
3 	 73 	 6 	 147
4 	 253 	 12 	 92
5 	 267 	 13 	 32
1 	 177 	 10 	 97
2 	 33 	 2 	 153
3 	 227 	 9 	 15
4 	 257 	 13 	 121
5 	 85 	 5 	 88
1 	 177 	 10 	 163
2 	 191 	 9 	 82
3 	 53 	 6 	 150
4 	 29 	 3 	 64
5 	 319 	 16 	 41
1 	 155 	 6 	 151
2 	 159 	 11 	 135
3 	 79 	 6 	 106
4 	 203 	 13 	 22
5 	 39 	 3 	 4
1 	 93 	 9 	 52
2 	 313 	 13 	 101
3 	 333 	 19 	 139
4 	 63 	 4 	 111
5 	 165 	 13 	 144
1 	 203 	 11 	 160
2 	 49 	 4 	 15
3 	 59 	 6 	 109
4 	 35 	 4 	 25
5 	 195 	 10 	 94
1 	 215 	 8 	 28
2 	 145 	 7 	 136
3 	 99 	 6 	 95
4 	 69 	 5 	 114
5 	 99 	 8 	 162
1 	 137 	 6 	 88
2 	 83 	 6 	 12
3 	 231 	 12 	 151
4 	 137 	 9 	 86
5 	 187 	 10 	 162
1 	 141 	 6 	 123
2 	 105 	 8 	 146
3 	 241 	 18 	 108
4 	 201 	 17 	 153
5 	 121 	 8 	 114
1 	 125 	 6 	 50
2 	 61 	 4 	 108
3 	 337 	 18 	 49
4 	 59 	 4 	 17
5 	 101 	 9 	 126
1 	 105 	 6 	 146
2 	 51 	 4 	 58
3 	 229 	 14 	 67
4 	 151 	 11 	 166
5 	 159 	 11 	 62
1 	 63 	 4 	 91
2 	 43 	 2 	 134
3 	 45 	 5 	 17
4 	 299 	 14 	 25
5 	 239 	 12 	 54
1 	 25 	 2 	 160
2 	 297 	 14 	 26
3 	 67 	 7 	 50
4 	 55 	 8 	 28
5 	 55 	 5 	 8
1 	 267 	 14 	 148
2 	 107 	 8 	 118
3 	 69 	 5 	 131
4 	 139 	 9 	 157
5 	 193 	 9 	 77
1 	 57 	 7 	 145
2 	 273 	 13 	 26
3 	 129 	 6 	 18
4 	 77 	 6 	 145
5 	 203 	 15 	 96
1 	 71 	 4 	 151
2 	 327 	 19 	 107
3 	 67 	 6 	 76
4 	 67 	 5 	 35
5 	 97 	 5 	 128
1 	 195 	 11 	 93
2 	 249 	 16 	 117
3 	 267 	 14 	 107
4 	 319 	 15 	 100
5 	 183 	 10 	 128
1 	 41 	 2 	 43
2 	 7 	 1 	 58
3 	 219 	 8 	 62
4 	 153 	 12 	 104
5 	 73 	 4 	 42
1 	 173 	 8 	 163
2 	 27 	 2 	 72
3 	 127 	 8 	 36
4 	 97 	 6 	 164
5 	 201 	 8 	 108
1 	 237 	 11 	 155
2 	 229 	 13 	 162
3 	 51 	 4 	 79
4 	 233 	 14 	 88
5 	 39 	 2 	 10
1 	 101 	 5 	 168
2 	 333 	 19 	 93
3 	 79 	 6 	 70
4 	 161 	 10 	 146
5 	 85 	 7 	 68
1 	 269 	 10 	 16
2 	 57 	 5 	 144
3 	 267 	 15 	 120
4 	 177 	 9 	 105
5 	 235 	 15 	 72
1 	 219 	 10 	 96
2 	 111 	 10 	 10
3 	 247 	 10 	 7
4 	 297 	 13 	 11
5 	 49 	 2 	 36
1 	 45 	 5 	 100
2 	 211 	 10 	 34
3 	 61 	 5 	 15
4 	 143 	 11 	 44
5 	 109 	 11 	 58
1 	 319 	 14 	 157
2 	 61 	 8 	 162
3 	 23 	 1 	 118
4 	 105 	 7 	 156
5 	 69 	 5 	 73
1 	 249 	 15 	 103
2 	 131 	 8 	 88
3 	 180 	 8 	 89
4 	 225 	 10 	 40
5 	 155 	 12 	 63
1 	 169 	 1 	 118
2 	 183 	 11 	 47
3 	 19 	 1 	 21
4 	 271 	 16 	 113
5 	 173 	 9 	 132
1 	 59 	 4 	 20
2 	 63 	 4 	 26
3 	 225 	 12 	 56
4 	 197 	 7 	 33
5 	 139 	 8 	 20
1 	 43 	 3 	 63
2 	 63 	 4 	 122
3 	 131 	 8 	 31
4 	 69 	 7 	 151
5 	 23 	 1 	 167
1 	 29 	 4 	 2
2 	 119 	 6 	 20
3 	 329 	 16 	 129
4 	 275 	 18 	 103
5 	 207 	 12 	 15
1 	 197 	 11 	 158
2 	 207 	 13 	 153
3 	 127 	 10 	 166
4 	 231 	 10 	 13
5 	 259 	 9 	 96
1 	 283 	 17 	 59
2 	 79 	 5 	 74
3 	 63 	 4 	 150
4 	 99 	 7 	 158
5 	 205 	 14 	 67
1 	 63 	 4 	 115
2 	 297 	 15 	 123
3 	 165 	 9 	 139
4 	 37 	 2 	 68
5 	 247 	 13 	 108
1 	 173 	 8 	 165
2 	 299 	 12 	 84
3 	 51 	 4 	 55
4 	 313 	 20 	 110
5 	 131 	 8 	 162
1 	 215 	 14 	 168
2 	 73 	 6 	 9
3 	 243 	 15 	 95
4 	 89 	 9 	 66
5 	 33 	 2 	 162
1 	 195 	 11 	 64
2 	 79 	 7 	 124
3 	 143 	 10 	 157
4 	 219 	 14 	 133
5 	 79 	 5 	 163
1 	 271 	 13 	 88
2 	 41 	 3 	 67
3 	 45 	 3 	 21
4 	 191 	 13 	 45
5 	 131 	 8 	 91
1 	 337 	 16 	 87
2 	 93 	 7 	 100
3 	 133 	 10 	 124
4 	 197 	 11 	 40
5 	 63 	 4 	 137
1 	 93 	 8 	 126
2 	 189 	 13 	 19
3 	 189 	 12 	 63
4 	 155 	 9 	 74
5 	 63 	 5 	 145
1 	 111 	 8 	 85
2 	 79 	 5 	 35
3 	 245 	 19 	 94
4 	 247 	 15 	 64
5 	 337 	 20 	 156
1 	 319 	 14 	 76
2 	 119 	 9 	 102
3 	 178 	 5 	 148
4 	 313 	 18 	 143
5 	 105 	 7 	 145
1 	 173 	 8 	 85
2 	 63 	 5 	 151
3 	 295 	 14 	 133
4 	 113 	 10 	 127
5 	 77 	 6 	 57
1 	 21 	 1 	 118
2 	 23 	 3 	 112
3 	 67 	 6 	 130
4 	 79 	 5 	 85
5 	 185 	 8 	 165
1 	 117 	 6 	 76
2 	 95 	 6 	 114
3 	 35 	 2 	 122
4 	 337 	 16 	 56
5 	 103 	 7 	 15
1 	 57 	 4 	 109
2 	 45 	 3 	 120
3 	 171 	 7 	 53
4 	 129 	 6 	 106
5 	 127 	 6 	 30
1 	 205 	 9 	 24
2 	 143 	 8 	 18
3 	 255 	 17 	 18
4 	 71 	 5 	 144
5 	 33 	 3 	 118
1 	 209 	 10 	 18
2 	 73 	 5 	 106
3 	 273 	 9 	 23
4 	 239 	 12 	 66
5 	 115 	 8 	 52
1 	 211 	 13 	 152
2 	 329 	 19 	 47
3 	 129 	 9 	 64
4 	 107 	 11 	 36
5 	 189 	 11 	 160
1 	 207 	 9 	 111
2 	 255 	 12 	 83
3 	 31 	 2 	 108
4 	 83 	 7 	 6
5 	 135 	 7 	 7
1 	 75 	 4 	 100
2 	 123 	 7 	 57
3 	 267 	 14 	 99
4 	 81 	 8 	 6
5 	 209 	 14 	 151
1 	 61 	 4 	 152
2 	 201 	 9 	 28
3 	 55 	 6 	 60
4 	 235 	 11 	 158
5 	 97 	 6 	 42
1 	 109 	 5 	 134
2 	 57 	 6 	 167
3 	 203 	 12 	 140
4 	 143 	 12 	 21
5 	 79 	 5 	 60
1 	 93 	 7 	 62
2 	 333 	 21 	 153
3 	 155 	 12 	 51
4 	 205 	 15 	 163
5 	 15 	 1 	 70
1 	 195 	 8 	 4
2 	 49 	 3 	 29
3 	 237 	 10 	 20
4 	 195 	 13 	 109
5 	 195 	 10 	 114
1 	 73 	 4 	 16
2 	 29 	 2 	 28
3 	 269 	 10 	 155
4 	 201 	 12 	 15
5 	 245 	 13 	 142
1 	 107 	 5 	 168
2 	 161 	 8 	 88
3 	 159 	 13 	 76
4 	 49 	 3 	 82
5 	 85 	 6 	 130
1 	 99 	 8 	 98
2 	 223 	 8 	 168
3 	 31 	 4 	 61
4 	 81 	 6 	 15
5 	 55 	 4 	 27
1 	 77 	 7 	 19
2 	 233 	 13 	 10
3 	 103 	 9 	 83
4 	 227 	 14 	 112
5 	 147 	 8 	 2
1 	 241 	 10 	 109
2 	 83 	 7 	 99
3 	 197 	 12 	 22
4 	 97 	 7 	 20
5 	 35 	 4 	 40
1 	 155 	 8 	 69
2 	 63 	 4 	 168
3 	 249 	 11 	 30
4 	 129 	 9 	 146
5 	 103 	 9 	 71
1 	 101 	 8 	 69
2 	 111 	 7 	 136
3 	 97 	 8 	 153
4 	 71 	 4 	 3
5 	 55 	 3 	 72
1 	 169 	 10 	 46
2 	 232 	 9 	 20
3 	 313 	 17 	 140
4 	 143 	 11 	 104
5 	 79 	 5 	 126
1 	 37 	 3 	 143
2 	 297 	 16 	 94
3 	 241 	 11 	 158
4 	 49 	 3 	 43
5 	 13 	 1 	 133
1 	 137 	 6 	 14
2 	 47 	 6 	 112
3 	 187 	 11 	 22
4 	 127 	 7 	 76
5 	 151 	 11 	 116
1 	 97 	 5 	 74
2 	 11 	 2 	 125
3 	 181 	 11 	 149
4 	 161 	 8 	 142
5 	 33 	 2 	 110
1 	 93 	 8 	 1
2 	 237 	 10 	 48
3 	 93 	 6 	 14
4 	 239 	 13 	 133
5 	 141 	 9 	 56
1 	 267 	 15 	 161
2 	 29 	 2 	 42
3 	 205 	 15 	 18
4 	 99 	 9 	 161
5 	 281 	 16 	 9
1 	 131 	 8 	 36
2 	 75 	 5 	 152
3 	 33 	 3 	 31
4 	 33 	 2 	 71
5 	 47 	 5 	 168
1 	 45 	 3 	 111
2 	 43 	 2 	 156
3 	 23 	 2 	 22
4 	 167 	 7 	 68
5 	 49 	 4 	 116
1 	 153 	 11 	 24
2 	 137 	 7 	 143
3 	 175 	 12 	 95
4 	 257 	 17 	 34
5 	 139 	 9 	 72
1 	 85 	 6 	 89
2 	 137 	 6 	 49
3 	 317 	 15 	 139
4 	 47 	 3 	 82
5 	 255 	 15 	 165
1 	 87 	 7 	 160
2 	 227 	 10 	 137
3 	 145 	 9 	 131
4 	 257 	 10 	 48
5 	 149 	 10 	 22
1 	 67 	 4 	 42
2 	 6 	 1 	 0
3 	 141 	 9 	 126
4 	 153 	 9 	 4
5 	 81 	 6 	 153
1 	 221 	 12 	 34
2 	 219 	 17 	 105
3 	 33 	 4 	 40
4 	 195 	 12 	 75
5 	 85 	 6 	 16
1 	 201 	 11 	 125
2 	 217 	 14 	 74
3 	 253 	 11 	 48
4 	 113 	 8 	 128
5 	 143 	 13 	 111
1 	 319 	 17 	 62
2 	 161 	 12 	 136
3 	 69 	 6 	 46
4 	 93 	 6 	 6
5 	 33 	 3 	 113
1 	 125 	 8 	 26
2 	 109 	 5 	 163
3 	 165 	 10 	 98
4 	 215 	 10 	 4
5 	 63 	 4 	 103
1 	 59 	 4 	 87
2 	 327 	 17 	 118
3 	 65 	 8 	 150
4 	 249 	 14 	 74
5 	 39 	 3 	 130
1 	 17 	 1 	 99
2 	 73 	 6 	 5
3 	 147 	 7 	 36
4 	 69 	 4 	 104
5 	 40 	 2 	 89
1 	 247 	 11 	 24
2 	 201 	 9 	 49
3 	 49 	 4 	 75
4 	 129 	 8 	 91
5 	 113 	 10 	 80
1 	 155 	 8 	 36
2 	 193 	 12 	 115
3 	 69 	 6 	 50
4 	 107 	 7 	 25
5 	 165 	 11 	 85
1 	 117 	 7 	 8
2 	 283 	 15 	 98
3 	 183 	 15 	 13
4 	 247 	 13 	 16
5 	 209 	 14 	 81
1 	 277 	 13 	 12
2 	 63 	 4 	 67
3 	 17 	 2 	 71
4 	 123 	 8 	 37
5 	 69 	 6 	 154
1 	 189 	 8 	 73
2 	 43 	 2 	 71
3 	 45 	 5 	 123
4 	 153 	 9 	 31
5 	 113 	 8 	 140
1 	 169 	 10 	 33
2 	 257 	 13 	 129
3 	 105 	 7 	 15
4 	 209 	 10 	 3
5 	 99 	 8 	 16
1 	 105 	 5 	 22
2 	 113 	 7 	 4
3 	 211 	 12 	 131
4 	 171 	 8 	 88
5 	 43 	 6 	 157
1 	 279 	 13 	 63
2 	 61 	 5 	 93
3 	 123 	 8 	 88
4 	 245 	 10 	 106
5 	 81 	 5 	 52
1 	 281 	 13 	 118
2 	 227 	 14 	 67
3 	 241 	 13 	 49
4 	 173 	 9 	 36
5 	 201 	 12 	 8
1 	 201 	 10 	 16
2 	 55 	 6 	 101
3 	 49 	 4 	 34
4 	 181 	 9 	 56
5 	 217 	 15 	 131
1 	 225 	 12 	 31
2 	 39 	 3 	 121
3 	 215 	 10 	 3
4 	 305 	 13 	 123
5 	 117 	 10 	 53
1 	 313 	 14 	 43
2 	 23 	 1 	 141
3 	 179 	 8 	 139
4 	 231 	 11 	 78
5 	 201 	 12 	 76
1 	 137 	 6 	 113
2 	 261 	 13 	 41
3 	 233 	 12 	 85
4 	 51 	 3 	 100
5 	 129 	 9 	 86
1 	 205 	 8 	 40
2 	 57 	 5 	 98
3 	 163 	 13 	 142
4 	 71 	 6 	 144
5 	 121 	 7 	 69
1 	 205 	 9 	 164
2 	 33 	 4 	 38
3 	 75 	 6 	 108
4 	 237 	 8 	 87
5 	 45 	 3 	 114
1 	 159 	 8 	 73
2 	 85 	 8 	 123
3 	 191 	 9 	 94
4 	 337 	 22 	 130
5 	 47 	 3 	 157
1 	 13 	 1 	 155
2 	 209 	 10 	 26
3 	 139 	 6 	 138
4 	 249 	 15 	 25
5 	 111 	 10 	 6
1 	 307 	 12 	 73
2 	 325 	 15 	 52
3 	 185 	 10 	 40
4 	 61 	 7 	 94
5 	 197 	 12 	 70
1 	 221 	 11 	 43
2 	 205 	 9 	 96
3 	 39 	 2 	 73
4 	 133 	 8 	 6
5 	 213 	 14 	 42
1 	 205 	 10 	 151
2 	 45 	 6 	 123
3 	 241 	 8 	 89
4 	 67 	 5 	 47
5 	 121 	 11 	 114
1 	 175 	 11 	 60
3 	 95 	 5 	 144
4 	 265 	 10 	 101
5 	 179 	 12 	 103
1 	 221 	 9 	 132
2 	 85 	 6 	 18
3 	 317 	 13 	 160
4 	 227 	 10 	 58
5 	 129 	 9 	 51
1 	 107 	 6 	 24
2 	 337 	 19 	 81
3 	 15 	 1 	 156
4 	 205 	 15 	 154
5 	 145 	 10 	 18
1 	 95 	 8 	 103
2 	 327 	 18 	 96
3 	 147 	 11 	 139
4 	 67 	 5 	 55
5 	 307 	 18 	 154
1 	 182 	 7 	 136
2 	 325 	 13 	 62
3 	 179 	 12 	 121
4 	 221 	 11 	 114
5 	 187 	 7 	 24
1 	 159 	 10 	 150
2 	 31 	 2 	 3
3 	 149 	 9 	 76
4 	 139 	 8 	 155
5 	 271 	 19 	 137
1 	 221 	 13 	 2
2 	 35 	 2 	 41
3 	 55 	 6 	 30
4 	 71 	 5 	 139
5 	 155 	 13 	 14
1 	 107 	 5 	 154
2 	 85 	 5 	 55
3 	 179 	 8 	 85
4 	 113 	 9 	 61
5 	 277 	 16 	 33
1 	 49 	 3 	 92
2 	 57 	 4 	 82
3 	 19 	 1 	 20
4 	 159 	 10 	 102
5 	 6 	 1 	 0
1 	 325 	 12 	 132
2 	 23 	 1 	 163
3 	 169 	 11 	 26
4 	 53 	 5 	 162
5 	 17 	 2 	 166
1 	 147 	 9 	 93
2 	 157 	 11 	 3
3 	 153 	 11 	 131
4 	 43 	 4 	 109
5 	 155 	 11 	 36
1 	 143 	 8 	 77
2 	 101 	 5 	 117
3 	 83 	 7 	 167
4 	 71 	 8 	 28
5 	 125 	 9 	 37
1 	 145 	 6 	 164
2 	 185 	 9 	 139
3 	 111 	 7 	 107
4 	 271 	 12 	 126
5 	 221 	 12 	 166
1 	 126 	 6 	 74
2 	 221 	 9 	 113
3 	 223 	 14 	 51
4 	 19 	 1 	 78
5 	 147 	 10 	 28
1 	 234 	 10 	 63
2 	 201 	 9 	 36
3 	 89 	 10 	 165
4 	 165 	 9 	 140
5 	 297 	 21 	 150
1 	 43 	 4 	 69
2 	 77 	 5 	 30
3 	 43 	 4 	 39
4 	 337 	 19 	 103
5 	 169 	 9 	 155
1 	 247 	 13 	 72
2 	 77 	 7 	 121
3 	 263 	 14 	 111
4 	 95 	 6 	 48
5 	 39 	 3 	 109
1 	 33 	 2 	 99
2 	 71 	 4 	 158
3 	 97 	 8 	 127
4 	 243 	 14 	 137
5 	 85 	 5 	 74
1 	 17 	 1 	 39
2 	 81 	 6 	 33
3 	 279 	 13 	 1
4 	 187 	 9 	 49
5 	 95 	 6 	 122
1 	 69 	 4 	 130
2 	 219 	 10 	 152
3 	 67 	 5 	 105
4 	 291 	 14 	 52
1 	 175 	 7 	 84
2 	 251 	 10 	 15
3 	 6 	 1 	 0
4 	 225 	 9 	 106
5 	 53 	 4 	 168
1 	 171 	 2 	 130
2 	 85 	 6 	 164
3 	 199 	 9 	 79
4 	 189 	 15 	 148
5 	 97 	 7 	 5
1 	 71 	 4 	 94
2 	 69 	 5 	 5
3 	 79 	 7 	 5
4 	 117 	 10 	 15
5 	 25 	 1 	 31
1 	 309 	 18 	 16
2 	 99 	 6 	 77
3 	 65 	 4 	 40
4 	 225 	 17 	 57
5 	 161 	 11 	 56
1 	 15 	 1 	 111
2 	 141 	 9 	 139
3 	 65 	 4 	 35
4 	 37 	 2 	 136
5 	 215 	 8 	 27
1 	 75 	 5 	 34
2 	 37 	 3 	 76
3 	 17 	 3 	 105
4 	 115 	 5 	 81
5 	 123 	 7 	 16
1 	 101 	 5 	 5
2 	 25 	 3 	 43
3 	 45 	 4 	 69
4 	 54 	 4 	 139
5 	 175 	 9 	 143
1 	 115 	 7 	 28
2 	 41 	 3 	 31
3 	 209 	 10 	 121
4 	 337 	 18 	 168
5 	 41 	 2 	 74
1 	 147 	 9 	 74
2 	 137 	 6 	 99
3 	 89 	 8 	 39
4 	 71 	 5 	 30
5 	 219 	 14 	 157
1 	 95 	 5 	 3
2 	 267 	 15 	 75
3 	 97 	 9 	 117
4 	 261 	 17 	 44
5 	 101 	 9 	 109
1 	 137 	 9 	 147
2 	 143 	 8 	 64
3 	 299 	 12 	 158
4 	 79 	 5 	 62
5 	 131 	 8 	 47
1 	 137 	 6 	 126
2 	 49 	 5 	 162
3 	 197 	 10 	 98
4 	 327 	 18 	 133
5 	 97 	 7 	 126
1 	 187 	 8 	 10
2 	 259 	 10 	 97
3 	 67 	 6 	 70
4 	 39 	 2 	 3
5 	 41 	 7 	 92
1 	 319 	 17 	 157
2 	 121 	 8 	 50
3 	 15 	 1 	 121
4 	 45 	 3 	 159
5 	 65 	 5 	 73
1 	 21 	 1 	 47
2 	 65 	 4 	 100
3 	 149 	 6 	 159
4 	 75 	 9 	 99
5 	 83 	 6 	 69
1 	 169 	 7 	 104
2 	 79 	 8 	 26
3 	 251 	 13 	 119
4 	 249 	 12 	 97
5 	 91 	 6 	 145
1 	 21 	 1 	 9
2 	 23 	 1 	 73
3 	 125 	 9 	 114
4 	 87 	 8 	 92
5 	 107 	 7 	 148
1 	 327 	 18 	 44
2 	 225 	 11 	 47
3 	 215 	 12 	 1
4 	 183 	 9 	 135
5 	 97 	 8 	 18
1 	 129 	 8 	 105
2 	 71 	 5 	 23
3 	 71 	 4 	 126
4 	 171 	 9 	 73
5 	 61 	 5 	 28
1 	 107 	 7 	 92
2 	 155 	 8 	 74
3 	 87 	 6 	 56
4 	 173 	 9 	 60
5 	 305 	 17 	 155
1 	 297 	 15 	 143
2 	 229 	 15 	 55
3 	 13 	 1 	 147
4 	 61 	 4 	 29
5 	 205 	 14 	 10
1 	 43 	 3 	 124
2 	 111 	 8 	 32
3 	 87 	 8 	 9
4 	 43 	 3 	 99
5 	 121 	 8 	 41
1 	 179 	 10 	 142
2 	 229 	 12 	 65
3 	 241 	 12 	 97
4 	 169 	 11 	 156
5 	 41 	 3 	 23
1 	 239 	 12 	 57
2 	 21 	 2 	 56
3 	 183 	 10 	 72
4 	 87 	 6 	 26
5 	 147 	 9 	 52
1 	 155 	 7 	 165
2 	 239 	 13 	 18
3 	 59 	 5 	 107
4 	 273 	 19 	 8
5 	 243 	 15 	 56
1 	 153 	 10 	 46
2 	 151 	 7 	 136
3 	 259 	 10 	 129
4 	 177 	 3 	 126
5 	 269 	 17 	 36
1 	 225 	 11 	 20
2 	 313 	 12 	 149
3 	 39 	 2 	 166
4 	 101 	 6 	 51
5 	 93 	 8 	 2
1 	 203 	 11 	 111
2 	 101 	 9 	 85
3 	 61 	 4 	 158
4 	 93 	 7 	 16
5 	 209 	 11 	 4
1 	 201 	 11 	 134
2 	 189 	 10 	 24
3 	 177 	 10 	 166
4 	 51 	 5 	 47
5 	 215 	 14 	 76
1 	 101 	 7 	 137
2 	 57 	 4 	 76
3 	 259 	 10 	 40
4 	 99 	 6 	 167
5 	 21 	 2 	 129
1 	 143 	 11 	 91
2 	 81 	 5 	 123
3 	 89 	 6 	 105
4 	 157 	 11 	 114
5 	 103 	 9 	 92
1 	 303 	 11 	 150
2 	 83 	 6 	 39
3 	 180 	 10 	 117
4 	 103 	 8 	 144
5 	 161 	 10 	 127
1 	 249 	 9 	 75
2 	 35 	 3 	 39
3 	 241 	 10 	 106
4 	 45 	 5 	 128
5 	 97 	 9 	 162
1 	 109 	 5 	 5
2 	 209 	 13 	 16
3 	 87 	 6 	 24
4 	 301 	 13 	 50
5 	 331 	 16 	 149
1 	 75 	 6 	 57
2 	 175 	 10 	 68
3 	 125 	 9 	 151
4 	 67 	 5 	 41
5 	 97 	 8 	 109
1 	 139 	 8 	 150
2 	 285 	 16 	 55
3 	 121 	 10 	 23
4 	 17 	 1 	 118
5 	 43 	 3 	 110
1 	 139 	 9 	 54
2 	 107 	 9 	 168
3 	 43 	 2 	 124
4 	 71 	 10 	 118
5 	 69 	 4 	 30
1 	 41 	 3 	 44
2 	 89 	 5 	 21
3 	 43 	 6 	 68
4 	 155 	 7 	 158
5 	 171 	 9 	 34
1 	 45 	 3 	 94
2 	 95 	 5 	 137
3 	 299 	 14 	 83
4 	 333 	 16 	 60
5 	 101 	 9 	 134
1 	 189 	 12 	 111
2 	 41 	 4 	 126
3 	 231 	 10 	 89
4 	 263 	 14 	 144
5 	 173 	 11 	 37
1 	 27 	 2 	 86
2 	 71 	 4 	 3
3 	 51 	 5 	 153
4 	 25 	 3 	 64
5 	 267 	 11 	 137
1 	 201 	 11 	 46
2 	 21 	 1 	 56
3 	 201 	 9 	 84
4 	 43 	 2 	 29
5 	 237 	 12 	 166
1 	 129 	 6 	 65
2 	 229 	 15 	 5
3 	 39 	 2 	 96
4 	 131 	 11 	 44
5 	 183 	 16 	 10
1 	 285 	 11 	 54
2 	 97 	 7 	 1
3 	 227 	 14 	 102
4 	 85 	 8 	 125
5 	 111 	 9 	 157
1 	 333 	 14 	 55
2 	 87 	 10 	 77
3 	 191 	 9 	 12
4 	 57 	 7 	 118
5 	 243 	 11 	 128
1 	 197 	 12 	 151
2 	 259 	 11 	 26
3 	 291 	 14 	 69
4 	 21 	 1 	 124
5 	 337 	 20 	 133
1 	 319 	 16 	 83
2 	 169 	 11 	 69
3 	 31 	 3 	 31
4 	 119 	 9 	 17
5 	 137 	 10 	 160
1 	 17 	 1 	 117
2 	 253 	 13 	 114
3 	 57 	 6 	 48
4 	 179 	 12 	 132
5 	 83 	 5 	 59
1 	 203 	 11 	 149
2 	 61 	 4 	 65
3 	 55 	 3 	 155
4 	 247 	 13 	 60
5 	 143 	 8 	 43
1 	 187 	 7 	 8
2 	 189 	 11 	 164
3 	 87 	 6 	 155
4 	 109 	 7 	 155
5 	 299 	 17 	 29
1 	 233 	 9 	 50
2 	 107 	 6 	 99
3 	 223 	 12 	 87
4 	 153 	 9 	 17
5 	 87 	 6 	 77
1 	 101 	 6 	 94
2 	 77 	 5 	 120
3 	 153 	 10 	 7
4 	 23 	 2 	 102
5 	 297 	 18 	 70
1 	 161 	 7 	 2
2 	 191 	 13 	 98
3 	 97 	 7 	 83
4 	 191 	 9 	 118
5 	 95 	 6 	 127
1 	 167 	 10 	 136
2 	 109 	 5 	 71
3 	 55 	 6 	 85
4 	 143 	 8 	 52
5 	 89 	 7 	 7
1 	 261 	 14 	 154
2 	 193 	 8 	 119
3 	 177 	 12 	 102
4 	 147 	 9 	 80
5 	 127 	 9 	 87
1 	 43 	 2 	 35
2 	 37 	 2 	 97
3 	 309 	 15 	 158
4 	 135 	 9 	 48
5 	 89 	 8 	 29
1 	 91 	 6 	 160
2 	 319 	 21 	 91
3 	 271 	 13 	 112
4 	 141 	 11 	 77
5 	 27 	 3 	 84
1 	 189 	 10 	 87
2 	 83 	 10 	 116
3 	 213 	 11 	 74
4 	 101 	 7 	 12
5 	 95 	 6 	 38
1 	 173 	 2 	 32
2 	 83 	 6 	 14
3 	 73 	 5 	 36
4 	 317 	 17 	 89
5 	 101 	 7 	 5
1 	 31 	 2 	 78
2 	 29 	 2 	 45
3 	 149 	 10 	 157
4 	 173 	 2 	 58
5 	 137 	 11 	 110
1 	 107 	 5 	 11
2 	 125 	 8 	 62
3 	 319 	 18 	 120
4 	 107 	 10 	 36
5 	 147 	 11 	 108
1 	 57 	 5 	 130
2 	 149 	 10 	 11
3 	 191 	 10 	 52
4 	 123 	 8 	 127
5 	 311 	 14 	 114
1 	 249 	 16 	 167
2 	 69 	 6 	 31
3 	 97 	 9 	 8
4 	 129 	 8 	 134
5 	 13 	 2 	 80
1 	 115 	 9 	 152
2 	 29 	 2 	 157
3 	 199 	 8 	 46
4 	 333 	 13 	 150
5 	 275 	 20 	 69
1 	 201 	 7 	 156
2 	 125 	 9 	 81
3 	 277 	 15 	 15
4 	 41 	 2 	 124
5 	 55 	 6 	 148
1 	 237 	 12 	 121
2 	 85 	 6 	 148
3 	 35 	 6 	 20
4 	 93 	 6 	 15
5 	 119 	 11 	 78
1 	 69 	 4 	 28
2 	 127 	 7 	 163
3 	 215 	 10 	 65
4 	 141 	 10 	 166
5 	 43 	 3 	 134
1 	 69 	 4 	 168
2 	 277 	 13 	 110
3 	 235 	 15 	 115
4 	 261 	 18 	 163
5 	 79 	 10 	 11
1 	 71 	 4 	 28
2 	 101 	 7 	 113
3 	 121 	 9 	 1
4 	 41 	 2 	 162
5 	 149 	 12 	 79
1 	 89 	 5 	 62
2 	 319 	 16 	 61
3 	 57 	 4 	 18
4 	 201 	 15 	 133
5 	 65 	 5 	 130
1 	 65 	 6 	 112
2 	 291 	 16 	 104
3 	 51 	 4 	 8
4 	 170 	 2 	 51
5 	 277 	 14 	 108
1 	 171 	 10 	 168
2 	 271 	 13 	 16
3 	 41 	 5 	 75
4 	 89 	 7 	 126
5 	 221 	 13 	 5
1 	 61 	 4 	 124
2 	 51 	 4 	 12
3 	 39 	 3 	 107
4 	 171 	 2 	 159
5 	 63 	 5 	 1
1 	 6 	 1 	 0
2 	 337 	 16 	 42
3 	 255 	 15 	 83
4 	 123 	 10 	 109
5 	 151 	 12 	 162
1 	 273 	 12 	 72
2 	 223 	 9 	 149
3 	 85 	 8 	 14
4 	 85 	 6 	 131
5 	 49 	 3 	 146
1 	 189 	 9 	 19
2 	 107 	 5 	 112
3 	 307 	 15 	 154
4 	 145 	 12 	 159
5 	 49 	 4 	 70
1 	 165 	 8 	 153
2 	 247 	 10 	 60
3 	 109 	 10 	 167
4 	 203 	 13 	 74
5 	 83 	 8 	 157
1 	 297 	 19 	 74
2 	 131 	 8 	 49
3 	 279 	 17 	 39
4 	 93 	 9 	 82
5 	 127 	 8 	 56
1 	 309 	 15 	 35
2 	 199 	 9 	 120
3 	 149 	 9 	 108
4 	 247 	 12 	 54
5 	 151 	 10 	 123
1 	 65 	 4 	 125
2 	 229 	 11 	 33
3 	 175 	 10 	 26
4 	 75 	 4 	 15
5 	 65 	 4 	 86
1 	 47 	 3 	 147
2 	 279 	 13 	 156
3 	 45 	 2 	 27
4 	 61 	 5 	 41
5 	 121 	 8 	 128
1 	 79 	 5 	 97
2 	 291 	 13 	 72
3 	 247 	 12 	 114
4 	 43 	 3 	 86
5 	 79 	 5 	 133
1 	 229 	 10 	 146
2 	 35 	 2 	 142
3 	 43 	 3 	 90
4 	 269 	 10 	 156
5 	 143 	 9 	 87
1 	 71 	 4 	 131
2 	 309 	 18 	 122
3 	 191 	 11 	 17
4 	 49 	 3 	 140
5 	 79 	 4 	 6
1 	 135 	 6 	 106
2 	 73 	 4 	 162
3 	 61 	 4 	 165
4 	 37 	 2 	 25
5 	 27 	 4 	 7
1 	 313 	 13 	 118
2 	 147 	 11 	 162
3 	 171 	 12 	 67
4 	 33 	 3 	 142
5 	 193 	 14 	 118
1 	 19 	 1 	 12
2 	 327 	 18 	 58
3 	 275 	 19 	 28
4 	 85 	 6 	 81
5 	 117 	 10 	 166
1 	 279 	 10 	 111
2 	 123 	 8 	 122
3 	 121 	 12 	 101
4 	 109 	 9 	 110
5 	 23 	 1 	 162
1 	 149 	 6 	 61
2 	 233 	 10 	 141
3 	 327 	 20 	 138
4 	 127 	 8 	 131
5 	 205 	 14 	 21
1 	 313 	 11 	 24
2 	 191 	 13 	 147
3 	 249 	 15 	 49
4 	 295 	 14 	 74
1 	 59 	 4 	 124
2 	 95 	 5 	 97
3 	 65 	 4 	 2
4 	 263 	 17 	 135
5 	 83 	 8 	 52
1 	 263 	 11 	 134
2 	 173 	 8 	 48
3 	 249 	 12 	 48
4 	 175 	 9 	 130
5 	 319 	 18 	 127
1 	 337 	 17 	 90
2 	 313 	 18 	 116
3 	 211 	 13 	 46
4 	 153 	 11 	 63
5 	 77 	 9 	 96
1 	 59 	 5 	 123
2 	 27 	 3 	 40
3 	 17 	 1 	 167
4 	 125 	 8 	 27
5 	 69 	 6 	 107
1 	 227 	 13 	 161
2 	 49 	 5 	 117
3 	 181 	 11 	 112
4 	 125 	 9 	 119
5 	 331 	 19 	 73
1 	 53 	 5 	 150
2 	 45 	 3 	 76
3 	 277 	 14 	 37
4 	 95 	 6 	 17
5 	 187 	 9 	 61
1 	 27 	 2 	 83
2 	 55 	 4 	 138
3 	 277 	 12 	 66
4 	 235 	 9 	 137
5 	 119 	 10 	 140
1 	 227 	 12 	 70
2 	 109 	 6 	 36
3 	 51 	 3 	 12
4 	 147 	 9 	 1
5 	 195 	 12 	 104
1 	 97 	 5 	 19
2 	 227 	 12 	 167
3 	 21 	 1 	 89
4 	 195 	 7 	 105
5 	 47 	 4 	 38
1 	 151 	 7 	 98
2 	 285 	 15 	 89
3 	 105 	 9 	 99
4 	 193 	 17 	 85
5 	 219 	 11 	 97
1 	 237 	 13 	 66
2 	 269 	 9 	 43
3 	 87 	 6 	 131
4 	 105 	 7 	 33
5 	 69 	 7 	 22
1 	 191 	 8 	 75
2 	 49 	 4 	 4
3 	 25 	 2 	 22
4 	 177 	 12 	 122
5 	 127 	 8 	 88
1 	 279 	 14 	 139
2 	 269 	 17 	 40
3 	 263 	 11 	 123
4 	 145 	 12 	 80
5 	 39 	 4 	 158
1 	 157 	 9 	 142
2 	 53 	 5 	 32
3 	 145 	 11 	 144
4 	 143 	 9 	 91
5 	 59 	 4 	 58
1 	 177 	 9 	 115
2 	 53 	 4 	 142
3 	 107 	 8 	 149
4 	 75 	 5 	 151
5 	 65 	 4 	 38
1 	 313 	 16 	 160
2 	 29 	 2 	 148
3 	 169 	 7 	 99
4 	 39 	 2 	 32
5 	 139 	 8 	 27
1 	 11 	 1 	 165
2 	 247 	 11 	 140
3 	 213 	 11 	 4
4 	 67 	 4 	 131
5 	 47 	 3 	 33
1 	 251 	 10 	 145
2 	 73 	 6 	 36
3 	 295 	 10 	 24
4 	 27 	 3 	 11
5 	 281 	 15 	 130
1 	 267 	 15 	 25
2 	 65 	 7 	 142
3 	 37 	 3 	 18
4 	 223 	 9 	 14
5 	 75 	 7 	 56
1 	 247 	 12 	 131
2 	 61 	 4 	 60
3 	 115 	 7 	 120
4 	 287 	 11 	 98
5 	 207 	 12 	 84
1 	 37 	 3 	 2
2 	 267 	 16 	 48
3 	 261 	 13 	 77
4 	 301 	 17 	 110
5 	 117 	 9 	 111
1 	 175 	 13 	 34
2 	 31 	 2 	 129
3 	 253 	 8 	 140
4 	 223 	 9 	 139
5 	 169 	 12 	 19
1 	 175 	 10 	 73
2 	 189 	 8 	 80
3 	 47 	 5 	 82
4 	 95 	 6 	 165
5 	 15 	 1 	 72
1 	 69 	 4 	 67
2 	 153 	 12 	 3
3 	 291 	 20 	 39
4 	 79 	 5 	 88
5 	 143 	 11 	 84
1 	 209 	 8 	 117
2 	 61 	 7 	 10
3 	 31 	 2 	 1
4 	 313 	 15 	 65
5 	 107 	 11 	 38
1 	 147 	 6 	 159
2 	 93 	 6 	 37
3 	 333 	 13 	 152
4 	 189 	 8 	 24
5 	 63 	 4 	 108
1 	 131 	 10 	 14
2 	 195 	 12 	 103
3 	 241 	 9 	 1
4 	 39 	 2 	 31
5 	 211 	 13 	 92
1 	 325 	 16 	 139
2 	 29 	 3 	 78
3 	 147 	 12 	 112
4 	 23 	 1 	 125
5 	 247 	 15 	 129
1 	 229 	 10 	 73
2 	 204 	 12 	 98
3 	 77 	 5 	 105
4 	 179 	 13 	 115
5 	 166 	 9 	 53
1 	 163 	 9 	 131
2 	 59 	 3 	 123
3 	 229 	 15 	 26
4 	 229 	 10 	 55
5 	 119 	 7 	 104
1 	 267 	 13 	 85
2 	 173 	 12 	 78
3 	 95 	 7 	 168
4 	 31 	 2 	 120
5 	 291 	 16 	 51
1 	 221 	 12 	 84
2 	 53 	 6 	 45
3 	 13 	 1 	 19
4 	 129 	 13 	 150
5 	 65 	 5 	 44
1 	 137 	 6 	 76
2 	 253 	 12 	 89
3 	 121 	 11 	 70
4 	 77 	 5 	 77
5 	 117 	 10 	 27
1 	 217 	 8 	 114
2 	 313 	 16 	 146
3 	 215 	 12 	 112
4 	 165 	 9 	 123
5 	 133 	 10 	 105
1 	 309 	 16 	 118
2 	 107 	 11 	 5
3 	 189 	 11 	 104
4 	 229 	 12 	 161
5 	 171 	 9 	 72
1 	 199 	 10 	 125
2 	 249 	 12 	 28
3 	 239 	 12 	 166
4 	 179 	 12 	 33
5 	 115 	 7 	 10
1 	 125 	 8 	 132
2 	 91 	 7 	 77
3 	 165 	 9 	 53
4 	 273 	 14 	 82
5 	 261 	 19 	 78
1 	 197 	 7 	 118
2 	 319 	 14 	 146
3 	 307 	 17 	 116
4 	 127 	 11 	 95
5 	 119 	 8 	 139
1 	 73 	 6 	 99
2 	 183 	 7 	 44
3 	 315 	 16 	 63
4 	 285 	 14 	 161
5 	 83 	 6 	 100
1 	 165 	 9 	 41
2 	 271 	 13 	 153
3 	 97 	 7 	 77
4 	 85 	 6 	 159
5 	 233 	 15 	 131
1 	 205 	 9 	 27
2 	 51 	 3 	 89
3 	 275 	 12 	 82
4 	 65 	 4 	 132
5 	 37 	 2 	 160
1 	 199 	 8 	 26
2 	 107 	 11 	 81
3 	 161 	 12 	 39
4 	 157 	 13 	 153
5 	 5 	 1 	 0
1 	 227 	 11 	 112
2 	 299 	 13 	 38
3 	 63 	 8 	 147
4 	 153 	 9 	 44
5 	 215 	 12 	 102
1 	 35 	 2 	 48
2 	 275 	 17 	 97
3 	 47 	 6 	 12
4 	 99 	 8 	 40
5 	 5 	 1 	 0
1 	 157 	 11 	 117
2 	 53 	 7 	 9
3 	 13 	 1 	 45
4 	 89 	 6 	 48
5 	 90 	 6 	 69
1 	 129 	 7 	 46
2 	 109 	 6 	 117
3 	 168 	 1 	 16
4 	 105 	 6 	 55
5 	 213 	 12 	 69
1 	 195 	 9 	 45
2 	 31 	 2 	 99
3 	 191 	 14 	 51
4 	 229 	 15 	 83
5 	 93 	 7 	 51
1 	 333 	 15 	 83
2 	 189 	 11 	 160
3 	 93 	 7 	 120
4 	 273 	 15 	 142
5 	 27 	 2 	 4
1 	 45 	 3 	 112
2 	 115 	 6 	 82
3 	 119 	 9 	 135
4 	 291 	 10 	 139
5 	 107 	 10 	 64
1 	 85 	 5 	 69
2 	 281 	 11 	 39
3 	 73 	 4 	 136
4 	 55 	 6 	 16
5 	 237 	 14 	 31
1 	 253 	 10 	 137
2 	 45 	 5 	 60
3 	 191 	 10 	 101
4 	 172 	 1 	 83
5 	 51 	 3 	 139
1 	 91 	 5 	 42
2 	 137 	 7 	 108
3 	 173 	 12 	 73
4 	 95 	 6 	 138
5 	 51 	 4 	 86
1 	 263 	 14 	 83
2 	 191 	 11 	 71
3 	 271 	 16 	 88
4 	 163 	 12 	 66
5 	 161 	 11 	 154
1 	 45 	 3 	 96
2 	 179 	 3 	 32
3 	 61 	 8 	 122
4 	 93 	 6 	 75
5 	 287 	 21 	 127
1 	 335 	 20 	 7
2 	 121 	 9 	 35
3 	 189 	 11 	 125
4 	 27 	 2 	 145
5 	 93 	 8 	 6
1 	 217 	 8 	 61
2 	 173 	 2 	 137
3 	 163 	 12 	 76
4 	 19 	 2 	 161
5 	 31 	 3 	 81
1 	 147 	 7 	 154
2 	 181 	 14 	 154
3 	 263 	 16 	 86
4 	 105 	 8 	 63
5 	 51 	 5 	 125
1 	 47 	 4 	 162
2 	 229 	 12 	 91
3 	 215 	 11 	 69
4 	 251 	 11 	 92
5 	 107 	 6 	 126
1 	 261 	 13 	 1
2 	 167 	 12 	 62
3 	 141 	 10 	 159
4 	 113 	 7 	 65
5 	 195 	 12 	 113
1 	 153 	 8 	 140
2 	 57 	 6 	 119
3 	 57 	 3 	 132
4 	 75 	 4 	 3
5 	 111 	 7 	 167
1 	 171 	 11 	 83
2 	 291 	 13 	 93
3 	 51 	 3 	 38
4 	 205 	 11 	 122
5 	 139 	 14 	 150
1 	 191 	 8 	 140
2 	 219 	 9 	 71
3 	 123 	 11 	 96
4 	 263 	 17 	 123
5 	 67 	 6 	 114
1 	 297 	 13 	 42
2 	 264 	 15 	 149
3 	 241 	 15 	 128
4 	 95 	 9 	 37
5 	 111 	 7 	 33
1 	 327 	 14 	 162
2 	 201 	 14 	 141
3 	 111 	 8 	 82
4 	 167 	 10 	 72
5 	 189 	 12 	 40
1 	 161 	 10 	 165
2 	 79 	 5 	 11
3 	 133 	 11 	 105
4 	 177 	 10 	 146
5 	 183 	 13 	 57
1 	 229 	 12 	 159
2 	 89 	 9 	 133
3 	 83 	 7 	 2
4 	 95 	 6 	 104
5 	 123 	 10 	 163
1 	 133 	 9 	 159
2 	 297 	 14 	 167
3 	 39 	 4 	 18
4 	 197 	 15 	 126
5 	 273 	 12 	 114
1 	 93 	 5 	 24
2 	 41 	 3 	 35
3 	 43 	 3 	 62
4 	 77 	 5 	 155
5 	 201 	 14 	 143
1 	 297 	 18 	 2
2 	 49 	 5 	 96
3 	 193 	 10 	 164
4 	 87 	 9 	 107
5 	 53 	 3 	 73
1 	 313 	 11 	 30
2 	 69 	 5 	 118
3 	 207 	 11 	 47
4 	 195 	 12 	 150
5 	 159 	 13 	 94
1 	 43 	 3 	 117
2 	 31 	 2 	 156
3 	 319 	 18 	 107
4 	 129 	 8 	 163
5 	 197 	 12 	 9
1 	 35 	 4 	 64
2 	 139 	 8 	 155
3 	 169 	 10 	 132
4 	 87 	 7 	 138
5 	 51 	 3 	 29
1 	 291 	 14 	 123
2 	 37 	 2 	 64
3 	 171 	 8 	 29
4 	 23 	 2 	 147
5 	 79 	 5 	 91
1 	 153 	 9 	 60
2 	 151 	 9 	 104
3 	 189 	 8 	 142
4 	 113 	 5 	 74
5 	 77 	 8 	 68
1 	 25 	 2 	 3
2 	 37 	 3 	 100
3 	 247 	 11 	 4
4 	 157 	 8 	 47
5 	 209 	 11 	 121
1 	 149 	 9 	 60
2 	 55 	 4 	 162
3 	 57 	 5 	 98
4 	 127 	 6 	 25
5 	 227 	 11 	 86
1 	 47 	 3 	 20
2 	 309 	 18 	 139
3 	 301 	 16 	 20
4 	 319 	 22 	 56
5 	 69 	 6 	 70
1 	 171 	 9 	 133
2 	 183 	 9 	 46
3 	 229 	 13 	 137
4 	 93 	 7 	 123
5 	 127 	 9 	 156
1 	 261 	 13 	 65
2 	 131 	 8 	 66
3 	 195 	 7 	 30
4 	 319 	 19 	 1
5 	 63 	 4 	 65
1 	 73 	 6 	 85
2 	 203 	 12 	 19
3 	 113 	 11 	 13
4 	 117 	 6 	 160
5 	 71 	 4 	 67
1 	 19 	 1 	 86
2 	 37 	 3 	 12
3 	 45 	 3 	 126
4 	 201 	 11 	 149
5 	 39 	 4 	 142
1 	 167 	 9 	 16
2 	 71 	 4 	 9
3 	 31 	 3 	 4
4 	 33 	 3 	 29
5 	 241 	 8 	 119
1 	 101 	 7 	 135
2 	 281 	 19 	 121
3 	 139 	 11 	 148
4 	 77 	 4 	 114
5 	 163 	 10 	 44
1 	 139 	 6 	 138
2 	 71 	 5 	 134
3 	 57 	 6 	 136
4 	 145 	 9 	 91
5 	 69 	 6 	 36
1 	 325 	 16 	 63
2 	 71 	 8 	 75
3 	 155 	 10 	 12
4 	 219 	 14 	 61
5 	 53 	 6 	 85
1 	 129 	 7 	 127
2 	 75 	 4 	 124
3 	 149 	 9 	 19
4 	 51 	 3 	 20
5 	 287 	 17 	 59
1 	 185 	 7 	 13
2 	 77 	 4 	 122
3 	 205 	 10 	 161
4 	 129 	 11 	 17
5 	 37 	 2 	 73
1 	 141 	 9 	 99
2 	 191 	 12 	 135
3 	 77 	 5 	 83
4 	 91 	 7 	 122
5 	 193 	 12 	 113
1 	 95 	 5 	 37
2 	 283 	 17 	 112
3 	 187 	 13 	 156
4 	 177 	 11 	 46
5 	 83 	 7 	 96
1 	 273 	 11 	 168
2 	 95 	 7 	 137
3 	 87 	 8 	 142
4 	 181 	 9 	 168
5 	 99 	 7 	 67
1 	 176 	 3 	 142
2 	 325 	 15 	 127
3 	 229 	 12 	 88
4 	 153 	 9 	 167
5 	 143 	 12 	 54
1 	 319 	 16 	 165
2 	 73 	 8 	 117
3 	 63 	 8 	 17
4 	 81 	 8 	 121
5 	 167 	 11 	 132
1 	 107 	 8 	 64
2 	 199 	 9 	 146
3 	 255 	 12 	 76
4 	 125 	 13 	 8
5 	 181 	 10 	 64
1 	 149 	 6 	 39
2 	 293 	 10 	 135
3 	 191 	 14 	 93
4 	 119 	 6 	 114
5 	 193 	 13 	 44
1 	 145 	 8 	 162
2 	 107 	 7 	 132
3 	 257 	 10 	 13
4 	 311 	 19 	 148
5 	 77 	 5 	 139
1 	 153 	 11 	 111
2 	 41 	 3 	 46
3 	 333 	 18 	 83
4 	 43 	 3 	 155
5 	 115 	 8 	 72
1 	 85 	 5 	 63
2 	 185 	 11 	 25
3 	 107 	 10 	 71
4 	 45 	 4 	 130
5 	 113 	 7 	 139
1 	 33 	 3 	 32
2 	 37 	 3 	 154
3 	 291 	 10 	 91
4 	 145 	 8 	 40
5 	 221 	 12 	 98
1 	 189 	 8 	 26
2 	 289 	 12 	 116
3 	 223 	 11 	 58
4 	 89 	 6 	 1
5 	 83 	 7 	 31
1 	 309 	 17 	 92
2 	 23 	 1 	 32
3 	 217 	 14 	 37
4 	 129 	 8 	 29
5 	 177 	 11 	 64
1 	 27 	 3 	 17
2 	 229 	 15 	 112
3 	 103 	 7 	 10
4 	 33 	 2 	 21
5 	 107 	 8 	 19
1 	 83 	 6 	 138
2 	 225 	 12 	 3
3 	 81 	 7 	 98
4 	 111 	 9 	 66
5 	 13 	 1 	 22
1 	 79 	 7 	 168
2 	 269 	 11 	 157
3 	 149 	 11 	 130
4 	 47 	 3 	 132
5 	 43 	 5 	 80
1 	 19 	 1 	 109
2 	 71 	 4 	 166
3 	 209 	 15 	 137
4 	 239 	 17 	 145
5 	 205 	 14 	 128
1 	 129 	 8 	 102
2 	 261 	 14 	 126
3 	 161 	 12 	 1
4 	 59 	 4 	 26
5 	 187 	 9 	 86
1 	 189 	 11 	 67
2 	 171 	 9 	 57
3 	 259 	 16 	 137
4 	 125 	 10 	 71
5 	 89 	 6 	 147
1 	 229 	 14 	 3
2 	 121 	 6 	 46
3 	 281 	 15 	 153
4 	 59 	 6 	 137
5 	 69 	 5 	 128
1 	 63 	 5 	 78
2 	 29 	 3 	 51
3 	 17 	 1 	 79
4 	 47 	 4 	 93
5 	 233 	 12 	 29
1 	 229 	 9 	 68
2 	 183 	 8 	 60
3 	 319 	 16 	 109
4 	 69 	 6 	 57
5 	 115 	 9 	 115
1 	 261 	 12 	 98
2 	 237 	 10 	 93
3 	 219 	 14 	 48
4 	 129 	 10 	 28
5 	 215 	 12 	 167
1 	 19 	 1 	 147
2 	 215 	 10 	 62
3 	 225 	 16 	 46
4 	 285 	 12 	 24
5 	 277 	 18 	 84
1 	 327 	 13 	 78
2 	 203 	 10 	 62
3 	 67 	 4 	 74
4 	 281 	 15 	 15
5 	 65 	 4 	 132
1 	 283 	 16 	 30
2 	 203 	 11 	 43
3 	 159 	 9 	 48
4 	 177 	 12 	 34
5 	 155 	 11 	 123
1 	 281 	 15 	 83
2 	 261 	 9 	 87
3 	 129 	 9 	 151
4 	 203 	 12 	 151
5 	 157 	 10 	 127
1 	 261 	 12 	 94
2 	 153 	 8 	 110
3 	 45 	 5 	 134
4 	 237 	 11 	 160
5 	 261 	 11 	 9
1 	 175 	 11 	 35
2 	 117 	 9 	 54
3 	 55 	 6 	 122
4 	 199 	 13 	 116
5 	 105 	 9 	 52
1 	 227 	 11 	 102
2 	 217 	 10 	 31
3 	 153 	 11 	 128
4 	 257 	 15 	 35
5 	 323 	 20 	 115
1 	 221 	 9 	 35
2 	 239 	 9 	 59
3 	 217 	 10 	 103
4 	 91 	 6 	 96
5 	 23 	 1 	 53
1 	 231 	 8 	 87
2 	 85 	 5 	 150
3 	 69 	 4 	 55
4 	 45 	 7 	 135
5 	 81 	 8 	 82
1 	 249 	 14 	 155
2 	 245 	 18 	 141
3 	 111 	 6 	 96
4 	 65 	 6 	 44
5 	 67 	 7 	 101
1 	 135 	 6 	 119
2 	 167 	 10 	 120
3 	 277 	 13 	 73
4 	 139 	 8 	 39
5 	 263 	 14 	 115
1 	 279 	 10 	 65
2 	 51 	 3 	 48
3 	 127 	 11 	 9
4 	 303 	 19 	 11
5 	 91 	 6 	 48
1 	 327 	 19 	 102
2 	 129 	 12 	 41
3 	 107 	 8 	 157
4 	 73 	 5 	 3
5 	 271 	 16 	 40
1 	 325 	 16 	 105
2 	 105 	 9 	 117
3 	 21 	 4 	 106
4 	 161 	 9 	 23
5 	 315 	 21 	 55
1 	 199 	 9 	 121
2 	 33 	 3 	 86
3 	 49 	 6 	 100
4 	 115 	 9 	 155
5 	 59 	 4 	 98
1 	 73 	 4 	 56
2 	 171 	 11 	 113
3 	 151 	 9 	 102
4 	 299 	 15 	 78
5 	 231 	 15 	 31
1 	 13 	 1 	 106
2 	 93 	 5 	 25
3 	 135 	 7 	 26
4 	 65 	 5 	 101
5 	 171 	 10 	 122
1 	 201 	 11 	 90
2 	 87 	 6 	 129
3 	 63 	 6 	 5
4 	 207 	 14 	 33
5 	 313 	 18 	 71
1 	 73 	 4 	 22
2 	 281 	 10 	 166
3 	 55 	 7 	 81
4 	 33 	 3 	 92
5 	 189 	 12 	 10
1 	 121 	 7 	 32
2 	 287 	 16 	 160
3 	 177 	 13 	 31
4 	 63 	 4 	 135
5 	 139 	 11 	 47
1 	 127 	 7 	 74
2 	 111 	 6 	 165
3 	 167 	 7 	 122
4 	 49 	 3 	 138
5 	 105 	 8 	 62
1 	 65 	 4 	 81
2 	 71 	 4 	 72
3 	 101 	 7 	 159
4 	 195 	 10 	 98
5 	 171 	 13 	 60
1 	 67 	 5 	 74
2 	 193 	 12 	 68
3 	 123 	 8 	 94
4 	 153 	 13 	 43
5 	 49 	 3 	 109
1 	 303 	 12 	 19
2 	 95 	 6 	 41
3 	 261 	 15 	 59
4 	 291 	 17 	 55
5 	 81 	 6 	 67
1 	 19 	 1 	 144
2 	 207 	 14 	 72
3 	 197 	 12 	 18
4 	 85 	 5 	 59
5 	 49 	 3 	 165
1 	 319 	 17 	 88
2 	 207 	 14 	 123
3 	 221 	 15 	 164
4 	 113 	 6 	 8
5 	 169 	 12 	 147
1 	 115 	 9 	 88
2 	 157 	 10 	 25
3 	 203 	 17 	 16
4 	 69 	 8 	 131
5 	 153 	 10 	 35
1 	 129 	 8 	 109
2 	 53 	 6 	 60
3 	 227 	 9 	 68
4 	 277 	 18 	 51
5 	 85 	 6 	 135
1 	 223 	 10 	 41
2 	 91 	 6 	 88
3 	 87 	 7 	 8
4 	 181 	 13 	 65
5 	 65 	 4 	 53
1 	 166 	 9 	 142
2 	 43 	 4 	 134
3 	 223 	 12 	 135
4 	 247 	 11 	 133
5 	 157 	 8 	 23
1 	 91 	 6 	 16
2 	 281 	 14 	 87
3 	 103 	 9 	 53
4 	 103 	 6 	 128
5 	 125 	 12 	 135
1 	 65 	 5 	 166
2 	 65 	 5 	 83
3 	 257 	 9 	 54
4 	 253 	 14 	 97
5 	 83 	 8 	 80
1 	 63 	 4 	 16
2 	 112 	 7 	 9
3 	 129 	 13 	 28
4 	 125 	 7 	 97
5 	 225 	 16 	 109
1 	 201 	 10 	 121
2 	 137 	 6 	 112
3 	 171 	 9 	 51
4 	 59 	 4 	 130
5 	 167 	 13 	 8
1 	 87 	 7 	 119
2 	 235 	 8 	 99
3 	 107 	 7 	 38
4 	 265 	 13 	 56
5 	 115 	 7 	 23
1 	 291 	 15 	 44
2 	 155 	 10 	 48
3 	 149 	 10 	 41
4 	 301 	 14 	 69
5 	 173 	 15 	 162
1 	 181 	 7 	 130
2 	 95 	 7 	 97
3 	 133 	 8 	 107
4 	 47 	 5 	 90
5 	 147 	 11 	 128
1 	 69 	 4 	 163
2 	 117 	 8 	 81
3 	 203 	 11 	 9
4 	 145 	 9 	 40
5 	 107 	 9 	 19
1 	 203 	 11 	 119
2 	 319 	 18 	 108
3 	 173 	 12 	 132
4 	 131 	 9 	 70
5 	 121 	 8 	 132
1 	 173 	 7 	 130
2 	 137 	 6 	 143
3 	 206 	 8 	 14
4 	 133 	 8 	 128
5 	 175 	 11 	 121
1 	 327 	 18 	 53
2 	 73 	 6 	 143
3 	 285 	 16 	 2
4 	 223 	 14 	 63
5 	 33 	 3 	 66
1 	 215 	 11 	 43
2 	 159 	 11 	 94
3 	 133 	 11 	 29
4 	 75 	 4 	 28
5 	 209 	 8 	 14
1 	 291 	 14 	 91
2 	 77 	 5 	 115
3 	 45 	 2 	 165
4 	 103 	 9 	 49
5 	 303 	 21 	 24
1 	 27 	 3 	 84
2 	 187 	 7 	 87
3 	 59 	 6 	 164
4 	 151 	 10 	 84
5 	 85 	 5 	 77
1 	 129 	 8 	 30
2 	 37 	 3 	 118
3 	 77 	 6 	 72
4 	 6 	 1 	 0
5 	 297 	 12 	 18
1 	 267 	 16 	 60
2 	 43 	 3 	 89
3 	 107 	 7 	 56
4 	 171 	 10 	 158
5 	 99 	 7 	 79
1 	 109 	 8 	 39
2 	 277 	 11 	 147
3 	 307 	 18 	 38
4 	 117 	 10 	 72
5 	 197 	 13 	 80
1 	 77 	 6 	 37
2 	 37 	 3 	 112
3 	 33 	 2 	 20
4 	 325 	 14 	 67
5 	 43 	 4 	 88
1 	 43 	 3 	 19
2 	 95 	 7 	 49
3 	 203 	 10 	 79
4 	 151 	 13 	 121
5 	 287 	 16 	 93
1 	 283 	 17 	 49
2 	 197 	 7 	 163
3 	 279 	 13 	 121
4 	 281 	 20 	 135
5 	 41 	 4 	 30
1 	 65 	 4 	 124
2 	 217 	 14 	 119
3 	 35 	 2 	 146
4 	 253 	 11 	 155
5 	 43 	 2 	 65
1 	 281 	 15 	 53
2 	 237 	 12 	 24
3 	 23 	 3 	 12
4 	 51 	 3 	 156
5 	 193 	 11 	 38
1 	 249 	 16 	 105
2 	 103 	 9 	 47
3 	 25 	 3 	 73
4 	 83 	 6 	 80
5 	 161 	 14 	 54
1 	 35 	 2 	 93
2 	 327 	 14 	 147
3 	 87 	 6 	 140
4 	 281 	 19 	 142
5 	 53 	 3 	 70
1 	 165 	 10 	 151
2 	 257 	 19 	 110
3 	 67 	 5 	 5
4 	 75 	 5 	 29
5 	 43 	 3 	 139
1 	 97 	 5 	 125
2 	 119 	 9 	 58
3 	 69 	 8 	 47
4 	 315 	 14 	 151
5 	 69 	 5 	 43
1 	 111 	 5 	 37
2 	 227 	 18 	 32
3 	 93 	 5 	 44
4 	 121 	 13 	 9
5 	 167 	 13 	 8
1 	 31 	 2 	 28
2 	 215 	 14 	 28
3 	 57 	 3 	 79
4 	 41 	 4 	 158
5 	 83 	 10 	 70
1 	 113 	 6 	 69
2 	 143 	 7 	 23
3 	 61 	 4 	 143
4 	 75 	 7 	 10
5 	 301 	 13 	 75
1 	 221 	 10 	 110
2 	 71 	 5 	 19
3 	 195 	 11 	 9
4 	 182 	 9 	 13
5 	 109 	 7 	 67
1 	 147 	 6 	 47
2 	 192 	 4 	 132
3 	 41 	 4 	 79
4 	 153 	 9 	 161
5 	 207 	 12 	 78
1 	 25 	 3 	 96
2 	 119 	 6 	 131
3 	 63 	 6 	 54
4 	 211 	 10 	 165
5 	 155 	 11 	 41
1 	 177 	 8 	 71
2 	 175 	 8 	 33
3 	 199 	 11 	 43
4 	 171 	 13 	 73
5 	 167 	 12 	 71
1 	 105 	 7 	 77
2 	 253 	 17 	 109
3 	 261 	 11 	 39
4 	 125 	 9 	 100
5 	 181 	 13 	 96
1 	 297 	 14 	 117
2 	 255 	 13 	 144
3 	 33 	 3 	 62
4 	 89 	 6 	 23
5 	 183 	 14 	 30
1 	 319 	 19 	 146
2 	 269 	 14 	 11
3 	 315 	 20 	 72
4 	 127 	 10 	 51
5 	 287 	 18 	 61
1 	 221 	 11 	 15
2 	 135 	 10 	 116
3 	 59 	 5 	 152
4 	 117 	 8 	 41
5 	 189 	 11 	 148
1 	 75 	 4 	 43
2 	 295 	 11 	 114
3 	 59 	 5 	 130
4 	 53 	 6 	 64
5 	 55 	 4 	 50
1 	 299 	 14 	 36
2 	 333 	 15 	 115
3 	 199 	 11 	 36
4 	 139 	 11 	 20
5 	 123 	 8 	 166
1 	 55 	 4 	 81
2 	 99 	 6 	 153
3 	 73 	 7 	 148
4 	 105 	 10 	 14
5 	 213 	 12 	 28
1 	 229 	 14 	 78
2 	 165 	 8 	 76
3 	 69 	 7 	 60
4 	 143 	 13 	 127
5 	 71 	 5 	 82
1 	 247 	 10 	 55
2 	 249 	 12 	 49
3 	 157 	 9 	 93
4 	 113 	 12 	 57
5 	 89 	 6 	 109
1 	 309 	 16 	 108
2 	 151 	 7 	 157
3 	 21 	 4 	 62
4 	 35 	 2 	 79
5 	 47 	 5 	 95
1 	 205 	 8 	 50
2 	 53 	 5 	 82
3 	 239 	 12 	 145
4 	 107 	 6 	 11
5 	 23 	 1 	 63
1 	 107 	 6 	 54
2 	 289 	 13 	 75
3 	 61 	 5 	 85
4 	 271 	 18 	 11
5 	 83 	 6 	 58
1 	 153 	 8 	 158
2 	 69 	 7 	 2
3 	 277 	 16 	 90
4 	 23 	 1 	 25
5 	 179 	 11 	 87
1 	 165 	 7 	 68
2 	 109 	 7 	 93
3 	 165 	 10 	 70
4 	 167 	 8 	 90
5 	 107 	 7 	 23
1 	 15 	 3 	 25
2 	 43 	 5 	 82
3 	 41 	 4 	 95
4 	 255 	 13 	 154
5 	 133 	 8 	 146
1 	 317 	 18 	 106
2 	 127 	 13 	 151
3 	 35 	 4 	 23
4 	 205 	 7 	 45
5 	 61 	 5 	 131
1 	 237 	 9 	 62
2 	 107 	 6 	 49
3 	 179 	 11 	 116
4 	 59 	 4 	 108
5 	 165 	 13 	 78
