0	10	3	3	3
1	9	2	4	7
2	16	3	4	9
3	13	2	4	5
4	24	5	5	6
5	15	2	1	6
6	20	3	4	5
7	16	3	3	3
8	13	1	2	3
9	8	2	3	9
10	17	2	4	8
11	7	2	0	4
12	16	4	4	5
13	11	0	4	4
14	13	4	0	4
15	16	2	5	3
16	19	0	1	4
17	17	3	4	7
18	15	4	7	6
19	12	4	3	9
20	14	1	3	3
21	14	3	2	6
22	11	1	3	5
23	4	7	4	4
24	17	5	3	8
25	9	1	2	5
26	14	6	8	5
27	21	3	3	3
28	13	3	0	4
29	9	12	10	3
30	17	1	2	6
31	16	2	3	8
32	17	2	1	6
33	11	5	4	4
34	10	5	4	6
35	18	4	4	5
36	12	5	5	9
37	10	4	3	6
38	13	3	5	2
39	19	2	4	5
40	13	2	4	8
41	15	1	4	3
42	19	3	2	5
43	8	1	8	5
44	15	8	7	2
45	12	1	5	0
46	9	0	5	1
47	14	1	2	3
48	14	2	2	7
49	2	1	1	6
50	18	1	0	3
51	16	5	7	7
52	16	2	3	6
53	25	3	0	1
54	18	5	9	9
55	19	2	5	5
56	20	2	2	5
57	12	4	1	3
58	10	3	3	8
59	22	7	7	5
60	10	2	4	2
61	10	3	3	2
62	17	3	4	6
63	12	1	6	8
64	13	1	1	5
65	18	5	7	5
66	11	2	0	7
67	17	3	5	1
68	14	1	4	2
69	13	1	1	2
70	20	7	7	7
71	15	0	5	2
72	13	3	2	7
73	13	0	4	4
74	17	4	8	2
75	18	5	4	8
76	17	1	3	3
77	12	2	2	7
78	8	2	4	2
79	14	11	8	10
80	15	3	3	8
81	12	4	8	7
82	18	3	4	6
83	17	1	2	5
84	5	0	5	4
85	16	2	9	5
86	6	1	1	7
87	14	4	5	2
88	14	1	1	5
89	26	13	13	16
90	19	0	2	3
91	7	2	3	4
92	12	1	6	5
93	19	2	4	5
94	19	2	5	2
95	11	1	1	5
96	7	1	4	7
97	16	11	7	10
98	14	3	4	5
99	7	7	7	4
100	9	8	7	5
101	12	5	7	2
102	17	3	1	4
103	12	2	2	3
104	13	21	21	8
105	11	4	3	3
106	21	3	0	3
107	20	6	7	7
108	19	7	3	4
109	16	3	7	7
110	17	1	1	4
111	10	6	6	7
112	11	4	2	6
113	12	4	4	0
114	9	3	2	6
115	9	3	4	1
116	11	5	3	4
117	10	3	5	3
118	13	5	2	6
119	17	5	2	4
120	12	3	6	5
121	14	4	6	5
122	14	1	2	9
123	30	17	18	22
124	13	7	3	4
125	12	1	1	7
126	21	8	5	4
127	8	5	8	3
128	13	1	4	4
129	8	4	5	7
130	23	3	12	13
131	11	3	1	7
132	14	2	2	4
133	15	4	1	4
134	10	6	3	4
135	13	5	6	10
136	13	2	4	4
137	20	3	2	10
138	11	0	1	5
139	17	2	6	10
140	12	3	3	1
141	13	0	1	3
142	7	1	2	3
143	9	8	7	6
144	16	5	6	5
145	16	8	1	5
146	11	0	0	5
147	14	2	3	2
148	16	1	1	8
149	9	3	2	6
150	10	2	4	5
151	14	3	2	6
152	15	2	0	6
153	9	0	0	5
154	12	3	3	3
155	20	3	2	4
156	14	2	4	8
157	9	4	0	4
158	8	1	2	3
159	13	3	5	7
160	15	6	4	7
161	11	3	2	2
162	15	5	1	4
163	14	1	1	2
164	10	6	9	8
165	12	2	2	6
166	9	4	1	4
167	10	5	1	7
168	10	0	4	9
169	11	1	3	5
170	13	3	5	4
171	6	3	4	2
172	17	2	7	11
173	12	1	2	4
174	13	1	3	9
175	17	1	5	2
176	14	2	4	4
177	17	1	1	5
178	26	1	2	9
179	13	3	2	4
180	16	2	5	3
181	17	3	5	7
182	19	12	6	4
183	15	5	6	9
184	10	1	4	4
185	13	6	3	9
186	17	0	5	7
187	12	5	3	6
188	13	1	3	6
189	10	2	0	4
190	20	9	17	6
191	10	4	4	8
192	10	0	1	4
193	14	5	4	3
194	13	2	2	1
195	11	2	4	6
196	16	6	7	4
197	15	2	1	8
198	10	3	8	4
199	9	1	7	2
200	10	1	7	5
201	7	0	3	5
202	10	2	1	4
203	12	4	4	5
204	11	2	2	1
205	17	2	5	5
206	14	1	3	11
207	12	4	2	3
208	14	4	1	4
209	10	3	5	3
210	10	0	2	7
211	12	0	4	3
212	14	4	5	3
213	16	3	4	3
214	10	1	3	6
215	16	1	2	5
216	12	5	6	7
217	21	1	4	5
218	10	3	2	4
219	10	3	7	7
220	6	0	5	5
221	13	3	4	6
222	14	2	0	8
223	15	0	4	5
224	12	11	12	6
225	16	5	5	7
226	12	5	4	6
227	15	1	2	3
228	13	5	7	9
229	11	1	2	3
230	18	3	7	3
231	17	3	2	4
232	15	2	5	1
233	9	3	1	3
234	16	4	3	5
235	16	6	6	11
236	15	5	5	6
237	10	2	1	6
238	10	4	5	6
239	18	2	4	6
240	13	3	2	4
241	11	0	4	8
242	14	3	1	5
243	20	1	4	2
244	21	2	4	6
245	16	4	5	6
246	16	3	5	6
247	18	4	4	3
248	13	5	5	8
249	12	1	4	4
250	10	4	0	5
251	14	2	4	5
252	20	9	12	13
253	15	0	3	3
254	15	9	3	6
255	14	4	4	5
256	14	4	2	5
257	12	2	2	4
258	21	2	4	9
259	14	4	7	5
260	16	9	10	6
261	12	1	2	6
262	12	0	1	7
263	12	0	3	5
264	8	2	5	2
265	14	2	4	4
266	12	1	2	6
267	12	2	7	0
268	25	3	5	5
269	11	1	2	3
270	12	1	1	3
271	16	1	4	5
272	25	6	8	5
273	14	1	3	5
274	20	0	4	7
275	11	0	2	4
276	16	3	3	4
277	16	3	5	2
278	19	7	6	4
279	22	6	3	8
280	7	2	4	3
281	16	3	1	10
282	10	0	2	3
283	12	0	2	1
284	11	2	4	11
285	12	4	4	5
286	12	1	2	3
287	13	0	5	8
288	14	3	2	3
289	18	2	3	1
290	16	4	0	4
291	21	2	4	4
292	17	8	9	4
293	10	0	1	3
294	21	4	3	4
295	14	5	4	5
296	11	1	1	4
297	13	2	2	4
298	9	1	0	6
299	12	1	3	4
300	10	4	1	3
301	13	1	8	4
302	15	2	3	6
303	9	2	0	3
304	14	4	5	8
305	8	1	3	3
306	15	0	4	5
307	16	1	3	3
308	10	4	4	6
309	10	1	3	6
310	16	4	9	5
311	19	6	5	5
312	7	1	1	2
313	7	0	4	3
314	20	5	8	3
315	17	3	7	3
316	14	3	1	4
317	10	3	1	1
318	16	7	2	8
319	24	11	8	5
320	15	3	4	3
321	14	0	4	2
322	12	3	1	5
323	26	1	3	5
324	13	5	4	8
325	16	2	3	3
326	16	1	2	2
327	15	2	2	1
328	16	1	5	9
329	10	4	5	7
330	14	2	6	4
331	11	1	3	7
332	12	10	12	10
333	23	2	5	6
334	15	2	5	6
335	19	0	3	7
336	20	1	5	4
337	19	4	8	3
338	17	2	5	6
339	9	4	1	4
340	15	1	3	6
341	9	3	0	6
342	21	1	4	6
343	13	5	3	4
344	11	4	8	7
345	11	3	2	5
346	21	5	6	6
347	6	4	3	1
348	9	1	5	9
349	19	1	3	3
350	11	3	0	7
351	8	2	4	4
352	14	1	2	3
353	18	4	2	5
354	20	0	3	8
355	9	9	6	8
356	8	2	2	6
357	13	2	2	4
358	19	5	6	8
359	17	2	7	4
360	14	0	3	5
361	11	1	2	4
362	7	5	3	3
363	11	2	3	5
364	9	1	1	3
365	18	3	5	10
366	10	0	1	2
367	13	2	2	5
368	11	7	7	8
369	18	3	1	4
370	6	1	1	2
371	13	3	9	7
372	19	2	3	4
373	14	2	2	6
374	20	2	4	4
375	13	2	1	5
376	10	1	3	6
377	18	1	0	6
378	15	3	4	10
379	20	9	11	7
380	10	6	7	4
381	12	4	2	6
382	16	4	1	5
383	6	1	2	2
384	12	1	2	3
385	12	3	3	3
386	12	4	4	3
387	17	5	6	3
388	5	3	3	7
389	12	2	2	5
390	19	3	2	6
391	13	1	1	2
392	22	1	1	5
393	13	4	9	7
394	13	4	4	5
395	20	12	14	14
396	14	5	1	1
397	8	1	3	3
398	14	0	1	7
399	12	2	5	2
400	23	0	0	5
401	27	11	10	8
402	12	1	2	2
403	10	1	5	5
404	14	3	2	5
405	19	3	6	8
406	12	11	0	3
407	18	5	6	10
408	16	5	2	5
409	16	11	10	2
410	12	2	2	4
411	17	8	6	6
412	13	5	2	3
413	13	2	1	7
414	13	1	1	4
415	26	7	11	4
416	17	1	6	7
417	10	1	2	6
418	10	1	3	3
419	18	6	4	6
420	18	3	4	4
421	15	5	5	2
422	8	2	3	12
423	21	10	11	11
424	15	0	2	5
425	14	5	6	3
426	14	1	8	4
427	12	0	1	4
428	15	2	4	5
429	13	3	3	3
430	9	2	0	7
431	5	2	2	7
432	13	2	2	7
433	13	0	3	6
434	16	2	4	6
435	12	2	3	1
436	9	10	8	6
437	16	2	3	3
438	13	1	7	5
439	18	3	3	2
440	18	7	7	3
441	16	5	6	5
442	5	0	4	8
443	11	5	4	7
444	10	5	5	5
445	14	1	1	5
446	5	1	4	5
447	10	1	6	2
448	16	4	5	5
449	13	0	1	8
450	16	3	5	7
451	14	17	11	13
452	12	0	7	7
453	13	3	3	5
454	20	3	0	4
455	18	2	4	6
456	17	1	5	4
457	10	0	2	7
458	6	2	0	4
459	7	4	5	12
460	15	1	0	4
461	16	1	5	3
462	12	4	4	3
463	25	3	8	4
464	15	5	0	6
465	13	2	5	5
466	14	4	5	4
467	15	0	3	5
468	15	4	3	3
469	8	3	4	2
470	17	3	5	4
471	19	4	4	5
472	15	0	0	6
473	12	3	4	5
474	15	1	2	5
475	16	1	4	5
476	7	3	2	13
477	11	2	1	4
478	21	5	9	8
479	11	3	1	4
480	13	0	0	2
481	14	2	3	7
482	16	2	5	6
483	8	5	10	5
484	16	2	1	3
485	20	4	4	5
486	15	5	6	8
487	15	2	3	6
488	27	9	9	9
489	18	2	3	9
490	10	3	4	2
491	17	3	0	6
492	20	2	4	5
493	11	2	6	6
494	5	1	3	4
495	11	3	2	5
496	14	0	2	2
497	17	2	3	5
498	13	6	4	7
499	11	3	1	3
