1 0.449666 7
2 2.54443 18
3 2.12393 15
4 1.11919 11
5 0.166024 6
1 0.32422 6
2 2.75125 17
3 0.144823 5
4 0.204859 6
5 0.571595 12
1 0.586476 8
2 0.441936 7
3 3.09944 18
4 3.83647 20
5 0.197627 7
1 5.53129 24
2 0.0158898 1
3 0.814898 14
4 0.589532 8
5 1.32209 17
1 2.42699 16
2 0.96434 15
3 0.483034 11
4 3.08992 18
5 0.986653 15
1 0.320514 6
2 2.7359 17
3 0.360687 8
4 0.209492 7
1 4.23396 21
2 1.12109 14
3 0.0495107 2
4 1.01541 15
5 1.92978 20
1 1.12745 11
2 1.64767 18
3 0.847864 11
4 0.166556 6
5 0.839003 14
1 0.742648 9
2 1.94548 16
3 0.453555 7
4 0.169602 6
5 0.474008 11
1 1.57768 13
2 1.15944 16
3 1.32901 17
4 0.47168 11
5 1.44677 15
1 1.35367 12
2 0.220296 5
3 1.47102 14
5 0.0182898 1
1 1.34815 12
3 4.17598 22
4 1.94132 20
5 0.0769781 3
1 0.450159 7
2 0.098438 4
3 1.11633 11
4 0.376674 10
5 2.24219 17
1 5.56707 24
2 0.276493 8
3 0.11158 4
4 0.833576 14
5 0.194689 7
1 1.33551 12
2 0.208147 7
3 0.522138 9
4 0.319061 6
5 0.0971755 4
1 1.3409 12
2 0.0125348 1
3 1.11504 11
4 1.21238 13
5 1.94476 16
1 1.83459 14
2 4.35471 23
3 0.282304 8
4 0.0137078 1
5 0.383699 8
1 4.64179 22
2 0.836449 14
3 1.21348 16
4 0.435137 10
5 0.488066 11
1 0.93155 10
2 2.74606 17
3 0.385072 8
4 4.7029 25
5 0.920453 10
1 1.83612 14
2 0.609082 9
3 0.212875 7
4 0.256841 8
5 0.200685 7
1 0.588403 8
2 3.8379 20
3 0.324644 6
4 0.540961 11
5 3.99336 27
1 1.58343 13
2 0.371505 9
3 0.744417 9
4 1.79238 14
5 0.969087 15
1 1.59367 13
2 0.310602 9
3 0.432436 7
4 3.0914 18
5 0.182742 6
1 0.753592 9
2 0.604567 12
3 0.145375 4
4 0.72697 12
5 0.46917 11
1 2.12651 15
2 3.21513 20
4 1.92553 20
5 0.567652 12
1 0.0832657 3
2 0.0461966 2
3 0.0173001 1
4 0.931271 10
5 1.1418 12
1 6.53171 26
2 1.9268 20
3 0.470937 11
4 6.74666 30
5 0.151858 5
1 0.753999 9
2 0.440457 7
3 0.0496595 2
4 0.382757 8
5 1.80566 18
1 0.573799 8
2 2.41884 16
3 2.73981 17
4 0.858896 14
5 2.05535 20
1 1.57955 13
2 2.12866 15
3 3.84183 23
4 0.361332 8
5 0.574761 10
1 0.917926 10
2 0.102626 4
3 1.29267 14
4 4.22776 21
5 1.36896 14
1 4.63066 22
2 1.01591 15
3 0.508324 11
4 0.806232 13
5 0.686572 13
1 0.140344 4
2 1.58019 13
3 0.198165 7
4 2.26004 17
5 0.671329 12
1 0.427013 7
2 1.62914 14
3 0.466955 11
4 2.30751 19
5 0.0788349 3
1 1.33263 12
2 0.247387 8
3 0.496494 11
4 1.72266 19
5 0.202403 7
1 0.44918 7
2 2.20834 17
3 1.11965 11
4 1.11551 11
5 0.705068 13
1 1.8542 14
2 1.21902 13
3 0.0466749 2
4 3.53762 21
5 2.53596 18
1 0.224012 5
2 1.01637 12
3 0.665636 10
4 0.172629 6
5 1.01202 12
1 0.748953 9
2 6.50125 26
3 0.0376648 2
4 4.39171 23
5 2.88738 23
1 9.99355 32
3 0.0508526 2
4 1.28746 17
5 4.39215 28
1 2.42369 16
2 0.817579 11
3 1.01116 12
4 2.87482 19
5 0.889599 14
1 0.440252 7
2 2.12292 15
3 0.160898 6
4 1.39412 15
5 1.92927 20
1 6.51774 26
2 0.0723251 3
4 0.0778861 3
5 0.86371 12
1 0.222153 5
2 1.84962 14
3 2.12623 15
4 0.166217 6
5 0.798667 12
1 1.1285 11
2 1.75997 16
3 1.69749 19
4 0.0184858 1
5 1.50735 18
1 1.35896 12
2 2.03108 19
3 0.582094 12
4 1.0044 15
5 0.0742622 3
1 0.928185 10
2 0.323955 8
3 0.325936 6
4 4.2067 21
5 0.17124 6
1 2.12422 15
2 5.2444 25
3 2.12638 15
4 3.33657 21
5 0.311377 9
1 0.223925 5
2 0.592629 8
3 0.322032 6
4 0.315128 9
5 1.10678 15
1 2.41252 16
2 1.19948 15
3 0.30677 9
4 0.917079 10
5 0.695537 13
1 4.22583 21
3 2.24262 21
4 0.109838 4
5 0.32269 9
1 0.735393 9
2 0.0664718 3
3 2.79349 19
4 0.815575 11
5 0.81563 14
1 2.14151 15
2 4.65308 22
3 1.01338 14
4 0.383394 10
5 0.706955 13
1 0.456696 7
2 7.0394 27
3 0.825412 11
4 0.572931 12
5 3.83018 24
1 5.54521 24
2 0.518329 9
3 0.513786 9
4 0.826371 14
5 3.52727 22
1 4.60796 22
2 0.0896317 3
3 0.570524 10
4 3.90624 22
5 1.12033 16
1 1.83629 14
2 1.84902 14
3 0.0486974 2
4 1.17166 16
5 2.80742 18
1 2.12012 15
2 1.27588 15
3 0.286788 7
4 1.41778 14
5 0.196116 7
1 3.82605 20
2 3.69271 20
3 3.44743 21
4 0.568364 12
5 0.824081 14
1 6.48758 26
2 1.95535 16
3 0.17679 6
4 0.0783395 3
5 0.819299 11
1 2.41331 16
2 0.202756 7
3 2.41291 16
4 0.0169742 1
5 0.48678 11
1 3.42968 19
2 0.0667147 3
3 4.64168 22
4 1.69402 15
5 0.395042 10
1 2.74413 17
2 0.321053 6
3 1.6374 16
4 0.46741 11
5 0.0484224 2
1 2.12191 15
2 1.30041 12
3 0.394256 9
4 0.470929 11
5 0.16591 6
1 0.446942 7
2 0.521107 9
3 2.41271 16
4 1.45056 17
5 1.49359 17
1 0.237737 5
2 0.921005 10
3 0.213856 5
4 0.131756 5
5 3.90012 21
1 1.58329 13
2 1.1285 11
3 0.474987 11
4 0.0504089 2
5 0.019232 1
1 0.223194 5
2 0.323405 6
3 0.0821344 3
4 5.09708 23
5 1.88549 18
1 2.13637 15
2 1.01772 12
3 0.31234 9
4 1.15541 14
5 1.01284 14
1 0.744107 9
2 0.0484234 2
3 3.09616 18
4 0.309089 9
5 0.576488 12
1 1.11206 11
2 0.319488 6
3 0.85804 14
4 0.0983233 4
5 5.55959 25
1 5.06627 23
2 2.40593 16
3 0.204236 7
4 0.16454 6
5 1.81035 19
1 3.45767 19
2 1.96177 16
3 1.0016 15
4 0.25437 8
1 0.573188 8
2 0.0210632 1
3 1.58285 13
4 1.43372 14
5 1.74374 17
1 2.43336 16
2 0.634157 11
3 5.16742 25
4 1.12268 16
5 1.92349 20
1 0.45235 7
2 1.11619 12
3 0.191044 7
4 0.263484 6
1 2.74128 17
2 0.60161 11
3 0.928136 10
4 0.0157181 1
5 3.02645 23
1 3.82634 20
2 2.23972 17
3 2.16962 16
4 0.169784 6
5 0.813801 14
1 1.83669 14
2 4.16436 21
3 1.56435 17
4 0.58972 12
5 0.0139996 1
1 2.42587 16
2 0.38795 8
3 1.00357 12
4 1.89426 17
5 0.249125 8
1 3.42401 19
2 0.0162317 1
3 1.8382 14
4 0.376825 9
5 0.0801776 3
1 0.748214 9
2 4.21496 21
3 0.0134159 1
5 0.049851 2
1 5.56003 24
2 2.23703 17
3 1.11758 16
4 0.837332 14
5 0.129198 5
1 2.40662 16
2 0.0130388 1
3 0.914786 10
4 2.41906 16
5 1.7349 18
1 6.66427 26
2 1.69319 19
3 0.837223 11
4 5.56711 27
5 0.077834 3
1 0.427754 7
2 1.82535 14
3 0.937605 10
4 3.13626 18
5 0.701414 13
2 0.172169 6
3 1.55785 17
4 0.311943 9
5 0.190843 5
1 0.146445 4
2 0.773383 10
3 0.446073 7
4 1.37828 13
5 0.739986 9
1 1.58562 13
2 7.58291 28
3 0.249117 7
4 3.3042 25
5 1.40397 17
1 2.7269 17
2 0.605216 10
3 1.57905 18
4 0.319676 9
1 5.52897 24
2 0.829352 11
3 0.473555 11
4 0.897372 14
5 1.00901 15
1 1.35154 12
2 1.12753 11
3 1.54201 18
4 1.85508 19
5 0.0132694 1
1 1.3451 12
2 0.686284 13
3 2.09786 15
4 0.446848 7
5 1.69592 19
1 3.44425 19
2 0.972031 15
3 0.0770278 3
4 1.89377 17
5 0.476102 11
1 1.86124 14
2 0.0846888 3
3 2.12634 15
4 0.824249 14
5 2.5231 21
1 3.43601 19
2 0.0738232 3
3 1.62433 16
4 0.0483714 2
5 0.0162686 1
1 0.72648 9
2 2.77761 17
3 0.294495 8
4 0.139002 5
5 0.855427 14
1 3.44207 19
2 0.0137882 1
3 3.23993 20
4 0.0454206 2
5 0.470693 11
1 3.41945 19
2 1.68144 15
3 0.0973175 4
4 0.38752 10
5 0.0808414 3
1 0.932268 10
2 0.17257 6
3 0.0775311 3
4 1.94788 16
5 0.598584 8
1 0.218975 5
2 2.33126 18
3 4.63633 22
4 2.43158 22
5 0.587533 12
1 2.71665 17
2 1.83933 18
3 0.975571 15
4 0.154645 6
5 0.0178634 1
1 3.81221 20
2 1.33048 12
3 0.044312 2
4 3.74838 20
5 0.313561 9
1 1.60275 13
2 0.137721 5
3 0.114277 4
4 3.07454 18
5 0.695785 13
1 0.1661 4
2 0.931563 10
3 1.21775 13
4 2.12833 15
5 0.320121 9
1 1.13758 11
2 2.26226 17
3 1.479 16
4 0.159514 6
5 0.476158 11
1 6.51569 26
2 6.51673 26
3 1.66751 17
4 0.828583 14
5 1.11505 16
1 0.0445125 2
2 0.928606 10
3 0.742959 9
4 0.653451 10
5 0.518733 11
1 8.77174 30
2 3.18961 20
3 0.568219 12
4 0.595843 11
5 6.08372 32
1 0.0498372 2
2 1.58464 13
3 0.69837 13
4 0.736555 12
5 0.614697 12
1 0.0172847 1
2 0.217315 5
3 0.0397685 2
4 2.12306 15
5 2.73915 17
1 1.11542 11
2 7.01555 27
3 0.329427 6
4 2.20623 17
5 12.8783 37
1 2.77127 17
2 1.5015 18
3 0.102505 4
4 0.389788 10
5 2.56955 22
1 1.34461 12
2 0.16242 6
3 0.930422 10
4 4.22556 21
5 0.77027 13
1 0.589178 8
2 1.85719 14
3 1.92773 20
4 2.72161 17
5 0.575043 12
1 1.34145 12
2 2.10928 15
3 1.59037 13
4 0.732154 13
5 0.474154 11
1 0.568622 8
2 0.0521394 2
3 1.84042 14
4 0.24769 8
5 0.925313 10
1 0.314068 6
2 0.562098 10
3 1.32173 12
4 0.473619 11
5 0.10172 4
1 7.60756 28
2 6.17232 27
3 1.29719 17
4 6.69471 28
5 0.202164 7
1 0.447942 7
2 0.442957 7
3 1.14108 11
4 0.785824 13
5 0.406189 8
1 0.319819 6
2 1.81831 14
3 3.43023 19
4 0.0786449 3
5 1.1799 14
1 0.74936 9
2 1.64146 16
3 4.27244 22
4 0.0436829 2
5 2.69758 23
1 1.8504 14
2 0.104427 4
3 0.144416 5
4 0.579768 12
5 0.234935 6
1 4.2301 21
2 0.700259 11
3 0.0713758 3
4 1.5924 18
5 0.155605 6
1 5.0701 23
2 1.24358 13
3 1.13788 16
4 0.899634 14
5 0.195796 7
1 3.08015 18
2 2.65212 17
3 1.24901 12
4 0.887339 14
5 0.313333 9
1 0.235541 5
2 2.41756 16
3 0.442386 7
4 1.14082 16
5 6.69167 28
1 1.578 13
2 8.34051 31
3 4.27123 23
4 1.62937 17
5 0.156777 6
1 2.44231 16
2 0.105506 4
3 1.22753 13
4 1.17367 14
5 0.704775 13
1 0.590506 8
2 0.31635 6
3 1.17467 14
4 0.174794 6
5 0.97826 15
1 0.59978 8
2 0.693539 13
3 0.100705 4
4 0.323889 6
5 7.67123 29
1 1.84557 14
2 0.20035 7
3 0.99198 15
4 0.16482 6
5 0.246558 8
1 0.747249 9
2 0.148368 4
3 1.84844 14
4 0.780474 13
5 0.171403 6
1 1.58013 13
2 0.916312 10
3 0.446299 7
4 1.12145 16
5 0.113879 4
1 1.82157 14
2 3.07629 18
3 0.374093 10
4 0.0170595 1
5 1.38564 17
1 0.577757 8
2 4.647 22
4 0.882866 12
1 1.08269 10
2 0.647117 10
3 3.81462 20
4 0.826194 13
5 0.768618 13
1 1.59594 13
2 0.740993 9
3 6.58871 26
4 0.177088 6
5 0.472636 11
1 0.241659 5
2 0.430502 7
3 2.13685 15
4 1.69646 15
5 0.153844 5
1 3.08789 18
2 0.518782 9
3 0.714426 13
4 0.0185481 1
5 3.20712 20
1 0.74784 9
2 1.69039 15
3 0.320752 6
4 2.73061 17
5 5.76272 31
1 2.43176 16
2 0.295325 8
3 3.48818 20
4 1.58881 18
5 0.389367 10
1 0.592408 8
2 0.164932 6
3 9.30614 31
4 0.198577 7
5 0.31686 9
1 0.926364 10
2 1.01084 12
3 0.0158519 1
4 0.929693 10
5 3.21331 20
1 1.57969 13
2 2.18372 21
3 0.261032 8
4 1.93059 20
5 0.191257 7
1 1.35766 12
2 0.747112 13
4 1.4949 18
5 0.942554 10
1 3.81922 20
2 4.48237 24
3 2.57417 22
4 1.71719 19
5 0.0158408 1
1 0.935621 10
2 1.57449 13
3 0.201596 4
4 0.334992 6
5 0.0183956 1
1 2.72617 17
2 0.32785 6
3 0.692577 13
5 0.101715 4
1 0.589585 8
2 0.447136 7
3 2.12846 15
5 0.488453 11
1 0.751842 9
2 0.31843 6
3 0.730154 9
4 1.64182 14
5 0.973336 15
1 3.35082 19
3 0.39475 10
4 0.19777 7
5 0.328926 9
1 2.74812 17
2 0.200513 7
3 0.484585 11
4 2.77225 20
5 0.1952 7
1 0.586662 8
2 1.23048 13
3 1.33571 12
4 2.87837 19
5 1.97543 16
1 0.435041 7
2 4.6735 22
3 1.43349 17
4 1.50756 18
5 2.53867 18
1 0.327087 6
2 0.442779 7
3 2.06842 15
4 1.28919 14
5 0.252254 8
1 1.57514 13
2 0.150582 6
3 1.20653 13
4 1.5002 17
5 0.219536 7
1 0.145792 4
2 0.45867 7
3 0.155337 5
4 0.321385 6
5 0.329409 6
1 0.737623 9
2 0.799975 12
3 0.748289 9
4 1.5952 13
5 1.80517 17
1 0.0867085 3
2 1.35928 12
3 0.147906 4
4 0.913115 10
5 0.971284 15
1 0.0880451 3
2 1.85027 14
3 0.815838 14
4 0.160017 6
5 1.36487 16
1 0.918582 10
2 2.63033 22
3 0.808343 14
4 0.0705949 3
5 1.11061 16
1 2.41488 16
2 0.72859 9
3 0.397558 10
4 2.22618 18
5 0.10574 4
1 0.440795 7
2 1.13843 11
3 1.22634 13
4 0.205744 7
5 6.4985 26
1 0.743525 9
2 2.74535 17
3 0.657514 10
4 0.170212 6
5 0.080525 3
1 0.748498 9
2 0.320185 6
3 1.32428 12
4 0.620077 9
5 0.311586 9
1 1.58729 13
2 0.0813965 3
3 0.136881 5
4 1.00378 12
5 0.463793 11
1 3.09061 18
2 0.159862 6
3 0.9139 14
4 0.694045 13
5 0.0992053 4
1 0.218621 5
2 2.40992 16
3 0.351323 8
4 1.1287 16
5 0.841184 14
1 0.572875 8
2 1.13136 11
3 0.174214 6
4 1.00476 15
5 1.33391 14
1 1.34313 12
2 3.81844 20
3 4.37138 23
4 1.8946 17
5 0.313384 9
1 0.0488033 2
2 0.330331 6
3 2.42926 16
4 0.742455 9
5 0.110354 4
1 1.3276 12
2 2.11873 15
3 0.973152 15
4 0.208093 6
5 0.311437 9
1 1.33539 12
2 5.13425 26
3 0.824974 14
4 0.816649 14
5 0.258472 8
1 2.41745 16
2 0.27753 7
3 0.311038 9
4 0.267841 8
5 1.00221 12
1 2.76266 17
2 5.99695 25
3 0.397729 10
4 0.37938 10
5 0.96248 15
1 0.44087 7
2 0.753653 9
3 0.261997 8
4 0.0830158 3
5 0.626921 9
1 0.227855 5
2 7.56745 28
3 0.0134257 1
4 0.519172 9
5 0.478105 11
2 0.0458824 2
3 0.35707 7
4 2.47193 17
5 1.31689 15
1 0.445652 7
2 0.600704 8
3 2.64703 19
4 0.575204 12
5 2.17305 18
1 0.437687 7
2 0.896017 14
3 0.347212 9
4 1.5345 15
5 0.0809162 3
1 4.2203 21
2 1.8689 18
3 5.7007 26
4 1.50045 18
5 0.709662 13
1 5.99027 25
3 2.79742 18
4 3.65761 26
5 2.96508 22
1 5.99475 25
2 4.19892 23
3 3.43603 19
4 0.206217 7
5 4.70561 28
1 2.74745 17
2 0.0459619 2
3 1.43693 14
4 0.299258 9
5 0.8804 12
1 0.73411 9
2 4.4038 23
3 0.139932 5
4 0.114001 4
5 0.088454 3
1 1.34138 12
2 2.13088 15
3 0.0757944 3
4 0.248188 8
5 0.134353 5
1 2.43211 16
2 2.74633 17
3 0.253106 8
4 0.479857 11
5 2.73885 17
1 1.85025 14
2 0.828619 11
3 0.110933 4
4 1.84548 14
5 0.836687 14
1 0.318036 6
2 0.145383 4
3 1.1707 12
4 3.11431 21
5 0.160194 6
1 0.225461 5
2 3.06862 18
3 1.65863 15
4 0.259955 6
5 0.0150805 1
1 0.045846 2
2 0.580571 8
3 0.989356 11
4 2.81322 19
5 1.69769 15
1 0.149608 4
2 0.0135822 1
3 0.919516 10
4 0.83396 14
5 0.702971 13
1 0.323597 6
2 2.44921 16
3 1.23727 15
4 1.11537 14
5 0.829937 12
1 0.455184 7
2 0.585884 8
3 4.17168 21
4 2.14462 17
5 1.17141 15
1 2.74577 17
2 1.12851 11
3 1.35695 17
4 0.157998 6
5 0.581471 12
1 2.40817 16
2 0.65441 10
3 0.640075 11
4 0.211548 6
5 0.210874 6
1 0.907479 10
2 0.589801 8
3 5.56877 24
4 3.14308 19
5 0.0164794 1
1 1.58907 13
2 1.11302 11
3 2.15223 17
4 2.33218 18
5 0.820808 14
1 2.11819 15
2 1.2195 13
3 0.646145 11
4 0.0190549 1
5 0.441179 8
1 0.0808667 3
2 1.8605 14
3 3.0749 18
4 0.485551 11
5 3.50466 20
1 0.43471 7
2 0.383533 9
3 0.129128 5
4 1.0011 12
5 1.27167 12
1 7.04333 27
2 0.813008 14
3 0.961768 15
4 1.71556 19
5 1.6475 18
1 0.0893532 3
2 1.38333 12
3 0.512033 9
4 0.905546 14
5 0.314094 9
1 5.11353 23
2 4.792 24
3 0.970449 15
4 0.314682 9
5 1.69625 19
1 1.59392 13
2 2.12617 15
3 1.45984 14
4 0.481598 11
5 0.13916 5
1 0.571607 8
2 1.36183 12
3 1.17137 15
4 0.828855 14
5 0.70106 13
1 1.86487 14
2 7.93359 29
3 1.90648 17
4 1.49464 18
5 5.34107 30
1 2.71561 17
2 0.738967 13
3 3.02235 18
4 0.115676 4
5 1.95322 20
1 0.324344 6
2 0.729051 9
3 0.135493 5
4 0.331728 6
5 0.101692 3
1 3.45163 19
2 0.203702 7
3 2.93276 23
4 0.502752 11
5 0.47647 8
1 3.78237 20
2 3.25408 20
3 0.0162046 1
4 0.822567 14
5 1.20298 15
1 0.233438 5
2 0.931601 10
3 0.817608 11
4 2.86188 19
5 1.97315 16
1 0.91749 10
2 2.22477 17
3 0.105168 4
4 0.316701 9
5 3.82768 20
1 0.329511 6
2 4.17677 21
3 0.388359 10
4 0.732446 12
5 0.0717091 3
1 0.928725 10
2 0.194756 6
3 0.447845 7
4 2.01259 15
5 3.26752 24
1 6.99565 27
2 3.81898 20
3 0.385957 9
4 0.214464 7
5 0.257261 8
2 0.146488 5
3 0.629041 11
4 0.964408 15
5 0.0190479 1
1 3.45715 19
2 0.10499 4
3 0.792098 10
5 2.03768 17
1 3.43343 19
2 1.8422 16
4 0.243265 8
5 0.161551 6
1 0.924441 10
2 0.383405 8
3 0.379955 9
4 0.662266 10
5 0.72817 12
1 3.83388 20
2 0.754063 9
3 0.967431 15
4 0.649873 12
5 2.77859 23
1 0.0885399 3
2 1.57708 13
3 3.34261 21
4 1.15685 15
5 0.38461 10
1 5.52303 24
2 2.51803 18
3 0.886396 14
4 0.578732 12
5 0.106405 4
1 0.753605 9
2 0.32384 6
3 1.86935 14
4 3.41982 19
5 0.101819 4
1 1.36477 12
2 1.29464 14
3 3.70053 20
4 0.686586 13
5 1.68565 19
1 0.326703 6
3 3.89904 34
4 0.691769 13
5 0.972814 15
1 1.83791 14
2 0.582369 12
3 0.144608 5
4 0.160437 6
5 1.3921 17
1 1.85967 14
2 1.00052 12
3 0.660484 10
4 0.0471911 2
5 6.7013 28
1 0.140466 4
2 2.4063 16
3 5.07687 23
4 3.29261 19
5 3.46254 25
1 0.92241 10
2 1.11527 11
3 0.445683 7
4 1.15808 12
5 0.0380125 2
1 4.20261 21
2 0.109672 4
3 0.900676 12
4 0.572639 12
5 4.79856 24
1 0.749368 9
2 2.11516 15
3 1.06766 13
4 0.485605 11
5 0.317788 9
1 3.43721 19
2 0.740491 9
3 3.4375 19
4 0.689097 13
5 0.431342 7
1 0.740681 9
2 4.22792 21
3 1.38164 16
4 0.882416 14
5 0.143504 5
1 1.58371 13
2 1.63579 16
3 0.322146 9
4 0.194545 7
5 0.253497 8
1 0.733161 9
2 2.4329 16
3 1.28969 17
4 1.85163 19
5 4.96317 24
1 1.58145 13
2 1.834 14
3 0.20467 7
4 0.240498 8
5 0.83206 11
1 0.442822 7
2 1.34473 12
3 0.157027 6
4 2.42708 16
5 0.0884103 3
1 6.03393 25
2 1.75989 15
3 0.128319 5
4 0.720811 12
5 0.163723 6
1 4.65889 22
2 2.49264 16
3 0.977401 15
4 0.0721248 3
5 0.202824 7
1 2.10948 15
2 1.94173 16
3 0.781292 11
4 0.986986 14
5 1.30715 17
1 0.0158974 1
2 0.754161 9
3 0.577948 8
4 1.00384 12
5 0.129715 5
1 0.246298 5
2 0.440886 7
3 1.50312 13
4 2.52504 18
5 0.0781702 3
1 2.13478 15
2 1.7617 14
3 0.135349 5
4 0.952922 11
5 0.565572 12
1 1.13976 11
2 0.0403898 2
3 1.12839 11
4 1.12311 11
5 0.783254 10
1 1.5634 13
2 0.243888 8
3 0.381581 10
4 2.17976 18
5 0.154964 5
1 0.431385 7
2 0.396003 8
3 0.154603 4
4 0.707263 11
5 2.42779 16
1 0.440312 7
2 0.468593 7
3 0.135155 5
4 1.88204 18
5 0.138033 5
1 1.11886 11
2 2.75109 17
3 1.16964 14
4 1.50547 18
5 1.50615 18
1 1.82291 14
2 0.812125 13
3 0.0182716 1
4 0.790401 10
5 0.728265 12
1 1.55809 13
2 5.07264 23
3 3.33677 19
4 0.156388 6
5 1.02282 15
2 1.12617 11
3 0.145185 5
4 1.39775 15
5 1.01182 12
1 0.906865 10
2 0.145649 4
3 0.452318 7
4 1.57754 13
5 1.47612 17
1 1.83427 14
2 0.194283 7
3 1.72634 19
4 0.246906 8
5 0.32385 6
1 0.931163 10
2 0.723281 12
3 3.07689 18
4 6.23777 28
5 0.393734 10
1 0.238429 5
2 3.07946 18
3 2.21816 18
4 0.145402 4
5 0.363782 8
1 6.01482 25
2 3.81416 20
3 0.5335 11
4 0.564985 12
5 3.9951 22
1 1.102 11
2 0.168973 6
3 6.02164 25
4 2.1787 21
5 0.699941 13
1 1.33181 12
2 0.169781 6
3 0.794218 12
4 1.08289 14
5 1.94977 16
1 3.09264 18
2 1.33181 16
3 4.53326 22
5 1.45096 14
1 0.0820958 3
2 3.0735 18
3 0.226261 5
4 0.403223 10
5 0.212231 7
1 0.146785 4
2 0.583966 8
3 3.07775 18
4 0.255087 8
5 0.192953 7
1 0.0872313 3
2 1.84905 14
3 0.146004 4
4 2.44185 16
5 1.58997 13
1 4.64688 22
2 0.201285 6
3 0.0459669 2
4 1.75204 18
5 0.314805 9
1 4.66869 22
2 2.14404 15
3 0.967562 11
4 0.394071 10
5 0.420299 10
1 0.0158131 1
2 0.318887 6
3 0.283638 8
4 0.387382 10
5 0.314352 6
1 1.82351 14
2 2.13391 15
3 0.133996 5
4 0.044008 2
5 0.831195 13
1 2.73069 17
2 0.468645 11
3 6.84997 27
4 5.28369 26
5 0.393664 10
1 1.82919 14
2 5.08036 25
3 0.479998 11
4 0.484711 11
5 0.0200861 1
1 7.0455 27
2 0.0461663 2
3 1.43779 16
4 2.45979 20
5 0.163277 6
1 0.442406 7
2 0.82771 11
3 0.985429 15
4 3.03111 18
5 0.145845 5
1 0.013492 1
2 1.56493 13
3 0.831586 11
4 5.69215 26
5 0.0776921 3
1 3.81076 20
2 0.202148 7
3 1.01802 12
4 2.75394 17
5 0.822336 14
1 0.152552 4
2 2.47396 17
3 0.836386 14
4 0.314883 9
5 0.832469 13
1 2.41431 16
2 3.35449 19
3 0.551763 10
4 1.37829 17
5 0.707582 13
1 1.84138 14
2 1.1689 14
3 0.968361 15
4 0.140319 5
5 0.134543 5
1 3.81832 20
2 3.33902 19
3 0.110243 4
4 0.449153 7
5 0.678456 13
1 0.0507659 2
2 0.0489309 2
3 0.571871 8
4 3.46461 19
5 4.63819 22
1 1.13634 11
2 0.910337 10
3 0.582538 8
4 0.0737589 3
5 3.07748 18
1 1.58404 13
2 0.28312 7
3 0.0156462 1
4 0.438329 9
5 0.0438137 2
1 0.601746 8
2 0.597837 8
3 1.49949 17
4 2.42623 16
5 0.586005 12
1 1.84569 14
2 0.732989 9
3 0.195972 7
4 0.0513187 2
5 2.62272 20
1 0.922771 10
2 2.55367 18
3 1.14395 16
4 0.0505847 2
5 2.26035 20
1 3.80471 20
2 0.132486 5
5 3.65255 26
1 4.63757 22
2 0.992994 14
3 2.75624 17
4 0.0169403 1
5 0.982527 15
1 1.35042 12
2 3.44393 19
3 1.47355 17
4 1.14763 16
5 0.203148 7
1 1.35554 12
2 0.914124 12
3 1.3022 15
4 0.0431022 2
5 0.0853972 3
1 1.58234 13
2 2.13075 15
3 8.01723 29
4 0.684721 13
5 3.93421 26
1 1.84714 14
2 0.357721 9
3 0.483245 11
4 0.189336 7
5 0.200591 6
1 2.40868 16
2 0.0432175 2
3 1.50908 14
4 2.46142 18
5 0.0213049 1
1 0.148514 4
2 0.598669 8
3 0.734452 9
4 0.669524 12
5 1.2511 13
1 0.585967 8
2 0.759968 9
3 1.37353 13
4 0.14358 5
5 4.37329 23
1 1.57855 13
2 0.0534107 2
3 1.12913 11
4 2.73995 17
5 1.06909 15
1 0.921104 10
2 3.97873 22
3 0.713803 12
4 0.962488 15
5 0.395382 10
1 1.59486 13
2 5.20531 25
3 0.462741 11
4 0.575263 12
5 1.90299 17
1 0.0889235 3
2 0.283267 7
3 0.212522 5
4 4.63106 22
5 0.0787375 3
1 0.143778 4
2 1.35862 12
3 0.176039 5
4 0.0138672 1
5 0.165095 6
1 2.13876 15
2 0.194152 7
3 4.21877 21
4 0.971854 12
5 0.310312 9
1 0.454464 7
2 0.934569 10
3 1.31846 14
4 0.687752 12
5 5.08584 23
1 7.04048 27
2 0.147249 5
3 0.579626 12
4 2.86045 19
5 0.0853627 3
1 0.0883764 3
2 1.83202 14
3 5.13321 24
4 1.31634 17
5 0.208635 7
1 1.35866 12
2 0.310703 9
3 1.57838 13
4 0.517629 11
5 2.11612 15
1 1.34914 12
2 0.0417279 2
3 0.446457 7
4 0.922645 10
5 2.24117 17
1 2.13388 15
2 0.391272 8
3 0.150807 6
4 0.110138 4
5 0.312528 9
1 0.437035 7
2 2.75685 17
3 4.63449 24
4 1.70817 17
5 0.264568 8
1 1.60464 13
2 0.320061 9
3 1.30815 12
4 0.863591 12
5 0.693966 13
1 1.36432 12
2 0.437153 7
3 0.292137 7
4 0.207051 7
5 2.67653 22
1 0.92546 10
2 0.319436 8
3 2.12409 15
4 3.46447 19
5 3.36802 23
1 0.739461 9
2 0.138643 4
3 0.66111 10
4 0.103197 4
5 1.20396 15
1 0.330894 6
2 1.58852 13
3 2.54956 18
4 0.962981 15
5 0.0754223 3
1 1.33696 12
2 2.41744 16
3 0.253972 7
4 2.34647 18
5 0.373935 10
1 2.42897 16
2 2.52389 17
3 1.53363 17
4 0.255088 8
5 0.110214 4
1 0.318441 6
2 1.35223 12
3 0.440439 7
4 0.940194 15
5 1.03673 11
1 2.12811 15
2 3.43574 19
3 0.232072 5
4 1.49469 16
5 0.535511 11
1 1.11234 11
2 0.237826 8
3 2.53027 18
4 2.23212 17
5 1.52017 15
1 2.67229 17
2 0.0126859 1
3 5.47671 24
4 0.613002 11
5 1.74971 19
1 0.599562 8
2 2.43056 16
3 3.22183 20
4 0.166849 6
5 0.828301 14
1 3.44574 19
2 1.14089 11
3 0.146905 5
4 9.69596 37
5 0.242463 8
1 4.63688 22
2 0.727934 9
3 0.82357 14
4 0.247501 7
5 0.214953 7
1 7.565 28
2 0.307462 9
3 0.693034 13
4 0.577305 12
5 0.690484 13
1 2.43587 16
2 1.01055 12
3 0.113218 4
4 0.316397 9
5 0.0410455 2
1 0.739507 9
2 2.40781 16
3 3.84577 20
4 0.21193 7
5 1.86846 19
1 1.55823 13
2 0.0126529 1
3 0.737918 9
4 0.195016 7
5 0.971764 15
1 0.920351 10
2 2.12086 15
3 0.165124 6
4 1.07273 15
5 0.13479 5
1 3.05743 18
3 1.34005 15
4 0.716314 13
5 1.13107 15
1 5.99653 25
2 2.44369 19
3 0.309293 9
4 0.168174 6
5 2.65468 19
1 6.53416 26
2 0.583473 12
3 0.104862 4
4 0.229896 5
5 9.83223 32
1 2.11415 15
2 0.398615 10
3 0.166577 6
4 2.62844 20
5 0.72345 12
1 3.10092 18
2 1.20782 13
3 3.38833 19
4 3.21793 20
5 0.202958 7
1 1.1344 11
2 1.85119 14
3 0.96153 12
4 0.205196 7
5 2.42612 16
1 0.449195 7
2 0.444685 7
3 3.48376 19
4 1.2036 13
5 0.735506 13
1 1.83444 14
2 1.11599 11
3 0.140616 5
4 0.288819 7
5 0.623816 12
1 0.327679 6
2 0.905706 10
3 0.657451 10
4 0.131896 5
5 0.108293 4
1 0.318976 6
2 0.138384 4
3 2.1145 15
4 0.32367 8
5 0.238927 8
1 1.83394 14
2 0.500774 10
3 2.13634 21
4 0.473563 11
5 0.480697 11
1 0.745448 9
2 3.4489 19
3 0.208045 7
4 1.46784 15
5 0.580498 12
1 1.58659 13
2 0.736423 9
3 1.86344 14
4 1.96019 20
5 0.0137837 1
1 1.34484 12
2 2.13146 15
3 0.313994 9
4 2.46918 21
5 0.0484733 2
1 0.433791 7
2 2.61032 20
3 0.742694 9
4 0.228764 7
5 0.208124 7
1 2.42972 16
2 1.28965 17
3 0.486818 11
4 0.421238 10
5 0.0439695 2
1 0.092318 3
2 2.72246 17
3 0.197829 7
4 0.0505643 2
5 0.375918 9
1 0.450427 7
2 1.36043 12
3 0.20465 7
4 2.74317 17
5 0.016804 1
1 0.6008 8
2 4.08502 23
3 2.22485 17
4 1.12078 16
5 0.197993 7
1 4.63203 22
2 0.170019 6
3 1.47605 18
4 1.52363 15
5 3.0238 24
1 5.07346 23
2 2.30666 21
3 0.577454 12
5 1.12056 16
1 0.43746 7
2 1.13026 11
3 0.56813 8
4 0.0129203 1
5 2.10182 15
1 1.55647 13
2 3.95393 25
3 8.02974 36
4 0.114177 4
5 1.7581 19
2 0.85647 11
3 0.0427078 2
4 0.151919 5
5 0.384199 10
1 0.319085 6
2 1.16382 16
3 1.77124 16
4 0.127639 5
5 0.160805 6
1 0.911998 10
2 1.83372 14
3 0.327587 9
4 1.42655 17
5 0.167248 6
1 1.34004 12
2 1.62167 15
3 1.10136 11
4 3.42545 19
5 3.85061 20
2 1.70655 19
3 1.41031 17
4 2.15223 16
5 0.108981 4
1 7.56949 28
2 1.505 18
3 1.31113 17
4 4.01797 24
5 1.51337 18
1 0.443764 7
2 5.0536 23
3 0.0203836 1
4 0.956441 15
5 0.205553 7
1 0.144309 4
2 0.222973 5
3 1.34693 12
4 0.0169075 1
5 2.54165 18
1 0.444489 7
2 2.73096 17
3 0.195595 7
4 0.836954 14
5 1.99731 19
1 0.58435 8
2 0.018972 1
3 3.45079 19
4 0.716227 13
5 0.0126459 1
1 0.0842389 3
2 0.0402383 2
3 1.57623 13
4 4.57842 22
5 1.22097 13
1 1.34849 12
2 0.205429 6
3 3.4364 19
4 2.99083 20
5 0.926303 15
1 0.445074 7
2 6.9416 27
3 1.7064 19
4 2.86786 19
5 0.62235 12
1 0.941271 10
2 0.331905 6
3 0.193262 7
4 0.280496 8
5 1.58028 18
1 0.325554 6
2 3.83325 20
3 2.86417 19
4 0.64934 11
5 0.39174 10
1 1.11508 11
2 0.683061 13
3 1.39236 13
4 0.697649 13
5 0.395791 10
1 1.5972 13
2 1.12149 11
3 1.10425 11
4 0.478654 11
5 0.319931 6
1 0.441142 7
2 3.0845 18
3 1.02776 12
4 0.574513 12
5 2.42928 16
1 2.43449 16
2 3.2903 19
3 0.295897 9
4 0.240474 8
5 2.11477 15
2 1.21237 13
3 2.24546 18
4 0.196679 7
5 0.966405 15
1 0.0869057 3
3 2.74126 17
4 0.963276 15
5 0.697743 13
1 1.13572 11
2 1.37633 15
3 2.85601 19
4 0.160037 6
5 0.152334 5
1 2.74101 17
2 0.173676 6
3 1.22591 13
4 4.66508 22
5 2.43346 22
1 0.939156 10
2 3.88956 21
3 1.65571 18
4 2.10381 20
5 0.462112 10
1 2.11606 15
2 0.387723 10
3 2.41141 16
4 0.645521 10
5 1.44554 14
1 0.334296 6
2 3.81295 20
3 1.30122 17
4 0.700595 13
5 0.167654 6
1 0.433495 7
2 0.645963 10
3 0.764674 10
4 0.114247 4
5 0.387029 10
1 0.232881 5
2 1.38878 13
3 0.0426726 2
4 1.5872 13
5 0.385311 10
1 1.61182 13
2 2.12699 20
3 0.904312 14
4 0.383747 10
5 0.0974744 4
1 0.0915002 3
2 1.56173 13
3 0.179996 6
4 2.5671 18
5 1.86165 19
1 7.02613 27
2 0.46824 11
3 0.0848839 3
4 1.71248 18
5 1.35133 17
1 3.06775 18
2 5.09771 23
3 3.97237 22
4 7.22557 29
5 1.50745 18
1 0.74709 9
2 2.13863 15
3 2.76976 17
4 0.810983 14
5 0.957247 15
1 0.149754 4
2 1.35568 12
3 0.323296 6
4 0.196638 7
5 1.66809 17
1 2.12062 15
2 1.73012 18
3 0.928045 10
4 0.112359 4
5 0.644984 11
1 0.920561 10
2 1.11291 11
3 2.1109 15
4 0.582763 12
5 2.86984 19
1 1.83738 14
2 1.58175 13
3 0.141012 5
4 0.205866 7
5 0.147288 6
1 0.92075 10
2 2.7559 17
3 1.28176 17
4 1.50594 18
5 2.25538 21
1 1.11921 11
2 0.0812532 3
3 1.33671 12
4 2.77874 20
5 0.554013 10
1 0.583293 8
2 0.316175 9
3 0.465993 11
4 1.58474 18
5 0.188091 7
1 1.36626 12
2 0.868279 10
3 2.36414 18
4 1.50115 18
5 0.636264 11
1 5.56228 24
2 0.0188214 1
3 1.48564 15
4 2.32495 21
5 0.979271 15
1 2.11718 15
2 0.46385 11
3 2.13316 15
4 0.546683 8
5 2.69269 22
1 1.57279 13
2 0.807774 14
3 0.174648 6
4 2.48288 20
5 1.50158 15
1 1.59893 13
2 1.36936 14
3 3.23849 19
4 1.32487 17
5 1.93246 20
1 1.11549 11
2 1.55504 16
3 3.22986 20
4 0.387628 10
5 0.817627 14
1 2.74637 17
2 1.29695 15
3 0.241376 8
4 1.58853 13
5 1.87565 15
1 0.236137 5
3 0.181615 5
4 1.51868 15
5 1.29208 17
1 5.52253 24
2 3.83257 20
3 4.6322 25
4 0.0794186 3
5 1.11939 16
1 9.27006 31
2 4.10498 27
3 1.17243 14
4 2.65045 21
5 0.683794 13
1 6.04433 25
2 2.53203 18
3 2.4895 18
4 4.80363 24
5 0.318701 9
1 0.757155 9
2 1.42102 12
3 1.49184 13
4 1.42665 15
5 0.397701 10
1 0.221969 5
2 0.0469492 2
3 0.648516 11
4 0.397141 8
5 0.165023 6
1 4.21964 21
3 3.83797 22
4 2.40773 22
5 1.81394 19
1 0.0831559 3
2 0.317708 6
3 0.236467 5
4 1.84573 14
5 3.42752 19
1 0.918853 10
2 3.06334 18
3 0.0771621 3
4 0.394557 8
5 0.469162 11
1 2.4141 16
2 2.54416 18
3 6.04476 25
4 4.63772 22
5 2.10319 20
1 0.144458 4
2 0.929271 10
3 0.834278 14
4 0.169254 6
5 0.904599 12
1 0.232186 5
2 4.19287 21
3 5.61288 31
4 7.6009 32
5 1.29748 17
1 3.0791 18
2 2.20045 21
4 1.28516 14
5 5.5727 27
1 0.149598 4
2 1.56693 13
3 1.59392 13
4 1.90384 17
5 4.08679 23
1 2.11206 15
2 3.82305 20
3 1.95088 20
4 1.6956 15
5 2.6269 20
1 4.21572 21
2 0.579634 10
3 7.06277 27
4 0.311539 9
5 3.1055 21
1 0.0867701 3
2 2.41401 16
3 1.01308 12
4 0.193331 7
5 1.09507 15
1 0.59209 8
2 0.594028 12
3 0.0802886 3
4 0.170137 6
5 1.00066 14
1 1.32608 12
2 0.969647 11
3 0.480605 11
4 0.0795869 3
5 0.17889 6
1 0.0901578 3
2 1.56626 13
3 0.599172 8
5 5.39531 24
1 2.14361 15
2 4.61938 24
3 0.146019 5
4 1.72151 19
5 1.05553 15
1 0.143509 4
3 0.965827 11
4 0.0151644 1
5 0.0763711 3
1 0.225864 5
2 0.153654 5
3 3.84178 20
4 0.546288 11
5 0.124065 5
1 3.82558 20
2 1.28639 14
3 1.7097 19
4 0.860329 14
5 5.22989 24
1 6.50609 26
2 1.68971 15
5 0.104905 4
1 0.0203323 1
2 0.456785 7
3 2.11745 15
4 0.0393722 2
5 0.504478 11
1 0.0512661 2
2 3.38685 19
3 0.136753 5
4 0.232054 5
5 4.68153 26
1 0.585158 8
2 1.11142 11
3 0.19521 7
4 0.0437314 2
5 0.821887 13
1 1.33697 12
2 0.459195 7
3 1.96242 16
4 0.916463 12
5 0.310805 9
1 2.1224 15
2 0.043726 2
3 3.43984 19
4 0.169035 6
5 2.01929 17
1 0.143129 4
2 3.3957 19
3 0.503888 11
4 0.498159 11
5 0.692554 13
1 0.317287 6
2 0.704227 12
3 0.400998 8
4 1.3793 15
5 0.1055 4
1 0.448004 7
2 0.526488 9
3 0.201248 7
4 0.160661 5
5 2.42732 16
1 0.935283 10
2 2.79687 17
3 0.430764 10
4 0.136188 5
5 0.0189736 1
1 1.34633 12
2 1.09439 11
3 0.0171752 1
4 0.136434 5
5 0.20501 7
1 7.03928 27
2 0.0205664 1
3 0.805193 14
4 1.94879 20
5 0.481526 11
1 1.58327 13
2 1.33255 12
3 0.665052 10
4 4.63006 22
5 5.61568 31
1 0.932893 10
2 0.0198125 1
3 1.95343 16
4 0.623204 12
5 1.13464 16
1 3.44586 19
2 0.735528 9
3 0.655265 10
4 1.69943 19
5 1.61282 18
1 0.931645 10
2 1.44705 14
3 1.71453 19
4 0.0173703 1
5 0.706954 13
1 1.34149 12
2 5.05425 23
3 2.99697 18
4 0.0549199 2
5 0.293842 7
1 3.07662 18
2 4.62472 22
3 8.86556 33
4 0.491205 11
5 1.30575 17
1 0.217922 5
2 0.226681 5
3 0.0124071 1
4 0.566484 8
5 0.301968 9
1 0.322242 6
2 0.927498 10
3 1.16841 12
4 0.246089 8
5 1.9371 20
1 0.922271 10
2 4.64122 22
3 1.40522 16
4 1.25009 16
5 0.389845 10
1 4.63715 22
2 0.575313 12
3 0.0503549 2
4 1.40444 16
5 0.632401 10
1 0.0757852 3
2 1.33083 12
3 2.89071 19
4 0.964065 15
5 0.131307 5
1 0.152627 4
2 0.221681 5
3 1.12006 11
4 1.88135 14
5 0.665286 12
1 1.11827 11
2 3.37903 19
3 0.295607 7
4 0.0192835 1
5 0.252069 8
1 3.81693 20
2 3.59082 21
3 0.0482648 2
4 1.60386 18
5 0.137082 5
1 0.584785 8
2 3.44255 19
3 0.0741931 3
4 0.1943 7
5 1.12292 16
1 0.31729 6
2 9.92883 32
3 1.0146 12
4 0.670212 12
5 3.79507 26
1 0.583787 8
2 3.45885 19
3 0.320525 9
4 0.731038 9
5 0.196986 6
2 2.77616 20
3 1.61963 14
4 1.2976 14
5 0.309032 9
1 1.84334 14
2 1.13566 11
3 1.59774 13
4 2.15581 18
5 0.72216 11
1 0.439671 7
2 0.0951341 3
3 0.438378 7
4 1.10294 13
5 1.64051 17
1 8.14246 29
2 2.54295 18
3 9.54244 33
4 0.206214 7
5 0.391639 8
1 2.7519 17
2 1.5881 13
4 1.2908 14
5 0.258543 8
1 4.2065 21
2 0.158192 6
4 0.474509 8
5 0.72164 11
1 2.43969 16
2 0.110083 4
3 0.396185 10
4 1.60148 15
5 0.261351 8
1 2.13214 15
2 0.0818408 3
3 1.37646 15
4 0.130735 5
5 0.74529 13
1 8.73598 30
2 8.48791 30
3 6.291 26
4 0.69385 13
5 8.15975 29
1 3.45357 19
2 1.40849 16
3 0.0776854 3
4 2.18345 21
5 0.585441 12
1 0.0864837 3
2 1.39936 13
3 1.83574 14
4 2.06004 15
5 0.475104 11
1 3.81035 20
3 3.12385 19
4 0.158269 6
5 0.326275 9
1 3.45459 19
2 1.63549 14
3 0.0766965 3
4 0.251577 8
5 0.0157362 1
1 1.12361 11
2 1.59524 13
3 0.0792812 3
4 0.802334 14
5 0.255662 8
1 0.930294 10
2 0.44052 7
3 0.144143 4
4 1.85181 14
5 0.307061 8
1 0.0916006 3
2 3.82935 20
3 3.3563 19
4 2.18381 20
5 1.08539 15
1 2.40796 16
2 1.58169 13
3 0.73142 9
4 2.19253 19
5 3.57015 23
1 7.00717 27
2 0.106768 4
3 2.71055 23
4 6.6678 32
5 1.12327 16
1 0.0887603 3
2 1.16517 14
3 0.195567 6
4 1.73533 19
5 4.49531 22
1 2.11649 15
2 2.7545 17
3 0.960055 15
4 0.129548 5
5 0.319742 6
1 1.86273 14
2 0.0795128 3
3 1.86954 14
4 0.241749 8
5 0.927763 13
1 4.23658 21
2 0.216251 5
3 2.18223 21
4 1.44315 14
5 0.48278 11
1 4.2346 21
2 0.146749 5
3 3.06849 18
4 0.505567 9
5 0.223662 5
1 0.0152289 1
2 0.936778 10
3 0.111749 4
5 1.30834 17
1 3.44681 19
2 2.53949 18
3 0.198283 7
4 2.43493 18
5 0.57081 12
1 3.42338 19
2 8.3273 31
3 1.16821 14
4 0.310953 9
5 2.15744 21
1 0.917893 10
2 0.51253 9
3 0.569312 8
4 1.83889 14
5 1.58968 13
1 0.733208 9
2 0.231722 5
3 0.0406529 2
4 0.973346 13
5 0.321464 6
1 0.749603 9
2 0.587355 12
3 0.754157 9
4 3.8152 20
5 0.50663 9
1 0.144385 4
2 0.909338 10
3 1.87713 15
4 1.37796 17
5 6.0025 25
1 1.34448 12
2 0.012503 1
3 1.57067 13
4 2.75079 17
1 1.345 12
2 7.03837 27
3 0.125064 5
4 0.696546 13
5 2.84566 19
1 3.43359 19
2 0.170469 6
3 0.0499979 2
4 0.921452 10
5 0.581176 12
1 1.13015 11
2 1.85286 14
3 0.704547 13
4 1.22398 13
5 3.40094 19
1 0.591111 8
2 0.0440905 2
3 0.710387 12
4 0.221466 5
5 0.931556 10
1 0.229884 5
2 3.46434 19
3 0.0418339 2
4 0.25102 8
5 0.952406 15
1 0.578592 8
2 2.41392 16
3 0.681065 13
4 0.0712644 3
5 3.0669 23
1 3.07572 18
2 3.45898 19
3 3.82062 20
4 5.81961 29
5 0.0760031 3
1 1.55232 13
2 0.145517 4
3 0.105735 4
4 0.658262 10
5 0.541436 11
1 0.92657 10
2 0.589833 8
3 2.43799 16
4 1.88045 17
5 0.31112 9
1 1.8409 14
2 2.4293 16
3 2.12879 15
4 5.74618 26
5 0.104735 4
1 0.31907 6
2 1.12922 11
3 1.95982 16
4 0.121302 5
2 2.24447 27
3 5.30252 30
4 6.27653 29
5 1.91827 20
2 0.257524 8
3 0.143765 5
4 0.0539884 2
5 1.11347 16
1 7.05278 27
2 1.69452 15
3 0.131879 5
4 3.95983 22
5 3.44158 19
1 0.0142237 1
2 1.86368 14
3 0.209036 6
4 2.22847 17
5 0.471831 8
1 2.7628 17
2 2.12584 15
3 1.39829 17
4 1.602 18
5 0.475552 11
1 0.932439 10
2 0.10664 4
3 0.20583 7
4 0.146826 5
5 1.22618 14
1 1.33313 12
2 0.584701 8
3 3.40175 19
4 0.283091 8
5 0.0138662 1
1 0.339515 6
2 1.34973 12
3 0.423124 10
4 0.895964 14
5 1.0325 15
1 0.749092 9
2 3.8161 20
3 2.29112 16
4 0.247346 8
5 0.390172 10
1 0.931943 10
2 0.0918013 3
3 0.319768 6
4 0.106522 4
5 0.657209 10
