1 	 109 	 7 	 43
2 	 213 	 18 	 46
3 	 261 	 15 	 33
4 	 141 	 11 	 68
5 	 53 	 6 	 77
1 	 97 	 6 	 8
2 	 283 	 17 	 113
3 	 19 	 5 	 64
4 	 69 	 6 	 163
5 	 146 	 12 	 26
1 	 85 	 8 	 10
2 	 93 	 7 	 15
3 	 287 	 18 	 93
4 	 319 	 20 	 16
5 	 31 	 7 	 143
1 	 217 	 24 	 79
2 	 23 	 1 	 120
3 	 121 	 14 	 139
4 	 107 	 8 	 92
5 	 193 	 17 	 110
1 	 183 	 16 	 30
2 	 115 	 15 	 26
3 	 97 	 11 	 126
4 	 206 	 18 	 40
5 	 137 	 15 	 29
1 	 89 	 6 	 26
2 	 269 	 17 	 115
3 	 149 	 8 	 137
4 	 65 	 7 	 116
1 	 275 	 21 	 1
2 	 240 	 14 	 33
3 	 17 	 2 	 57
4 	 143 	 15 	 97
5 	 211 	 20 	 65
1 	 209 	 11 	 128
2 	 259 	 18 	 81
3 	 195 	 11 	 40
4 	 69 	 6 	 113
5 	 191 	 14 	 19
1 	 187 	 9 	 105
2 	 213 	 16 	 147
3 	 47 	 7 	 11
4 	 39 	 6 	 117
5 	 152 	 11 	 161
1 	 169 	 13 	 77
2 	 257 	 16 	 94
3 	 103 	 17 	 166
4 	 145 	 11 	 155
5 	 173 	 15 	 114
1 	 157 	 12 	 114
2 	 49 	 5 	 127
3 	 217 	 14 	 46
5 	 17 	 1 	 67
1 	 227 	 12 	 4
3 	 313 	 22 	 169
4 	 155 	 20 	 126
5 	 175 	 3 	 136
1 	 93 	 7 	 158
2 	 29 	 4 	 159
3 	 173 	 11 	 131
4 	 83 	 10 	 45
5 	 255 	 17 	 77
1 	 299 	 24 	 62
2 	 45 	 8 	 67
3 	 47 	 4 	 79
4 	 105 	 14 	 31
5 	 75 	 7 	 67
1 	 279 	 12 	 68
2 	 49 	 7 	 134
3 	 55 	 9 	 39
4 	 59 	 6 	 87
5 	 33 	 4 	 80
1 	 169 	 12 	 49
2 	 5 	 1 	 0
3 	 71 	 11 	 52
4 	 199 	 13 	 45
5 	 167 	 16 	 24
1 	 225 	 14 	 31
2 	 287 	 23 	 116
3 	 59 	 8 	 17
4 	 5 	 1 	 0
5 	 61 	 8 	 18
1 	 305 	 22 	 69
2 	 219 	 14 	 57
3 	 155 	 16 	 108
4 	 95 	 10 	 54
5 	 97 	 11 	 137
1 	 141 	 10 	 135
2 	 233 	 17 	 3
3 	 37 	 8 	 21
4 	 265 	 25 	 55
5 	 190 	 10 	 139
1 	 305 	 14 	 132
2 	 149 	 9 	 15
3 	 57 	 7 	 50
4 	 45 	 8 	 105
5 	 71 	 7 	 53
1 	 118 	 8 	 126
2 	 217 	 20 	 14
3 	 85 	 6 	 116
4 	 89 	 11 	 127
5 	 281 	 27 	 21
1 	 225 	 13 	 146
2 	 71 	 9 	 44
3 	 169 	 9 	 53
4 	 245 	 14 	 100
5 	 167 	 15 	 100
1 	 249 	 13 	 150
2 	 57 	 9 	 23
3 	 47 	 7 	 52
4 	 271 	 18 	 39
5 	 63 	 6 	 37
1 	 153 	 9 	 127
2 	 89 	 12 	 47
3 	 37 	 4 	 149
4 	 231 	 12 	 31
5 	 133 	 11 	 143
1 	 211 	 15 	 79
2 	 255 	 20 	 113
4 	 99 	 20 	 141
5 	 55 	 12 	 150
1 	 45 	 3 	 140
2 	 25 	 2 	 22
3 	 7 	 1 	 30
4 	 171 	 10 	 87
5 	 151 	 12 	 95
1 	 245 	 26 	 17
2 	 173 	 20 	 117
3 	 51 	 11 	 58
4 	 235 	 30 	 151
5 	 43 	 5 	 64
1 	 67 	 9 	 68
2 	 95 	 7 	 18
3 	 17 	 2 	 43
4 	 53 	 8 	 49
5 	 127 	 18 	 147
1 	 73 	 8 	 106
2 	 293 	 16 	 56
3 	 305 	 17 	 133
4 	 191 	 14 	 97
5 	 227 	 20 	 94
1 	 177 	 13 	 164
2 	 167 	 15 	 9
3 	 199 	 23 	 110
4 	 45 	 8 	 34
5 	 63 	 10 	 102
1 	 107 	 10 	 112
2 	 29 	 4 	 26
3 	 187 	 14 	 113
4 	 289 	 21 	 53
5 	 301 	 14 	 34
1 	 310 	 22 	 130
2 	 151 	 15 	 138
3 	 89 	 11 	 113
4 	 161 	 13 	 16
5 	 183 	 13 	 138
1 	 35 	 4 	 34
2 	 309 	 13 	 49
3 	 47 	 7 	 48
4 	 240 	 17 	 84
5 	 184 	 12 	 97
1 	 47 	 7 	 55
2 	 227 	 14 	 99
3 	 75 	 11 	 157
4 	 269 	 19 	 96
5 	 33 	 3 	 56
1 	 197 	 12 	 144
2 	 160 	 8 	 164
3 	 147 	 11 	 63
4 	 131 	 19 	 110
5 	 55 	 7 	 129
1 	 101 	 7 	 102
2 	 201 	 17 	 132
3 	 201 	 11 	 109
4 	 211 	 11 	 40
5 	 159 	 13 	 10
1 	 251 	 14 	 77
2 	 173 	 13 	 152
3 	 33 	 2 	 138
4 	 197 	 21 	 54
5 	 257 	 18 	 163
1 	 67 	 5 	 88
2 	 143 	 12 	 30
3 	 225 	 10 	 25
4 	 37 	 6 	 31
5 	 177 	 12 	 66
1 	 41 	 9 	 80
2 	 309 	 26 	 10
3 	 11 	 2 	 99
4 	 299 	 23 	 108
5 	 253 	 23 	 149
1 	 303 	 32 	 71
3 	 184 	 35 	 12
4 	 173 	 17 	 103
5 	 291 	 28 	 57
1 	 231 	 16 	 143
2 	 215 	 11 	 83
3 	 197 	 12 	 86
4 	 319 	 19 	 13
5 	 95 	 14 	 29
1 	 109 	 7 	 140
2 	 230 	 15 	 17
3 	 82 	 6 	 74
4 	 189 	 15 	 1
5 	 133 	 20 	 36
1 	 319 	 26 	 141
2 	 25 	 3 	 37
4 	 19 	 3 	 13
5 	 123 	 12 	 140
1 	 47 	 5 	 131
2 	 149 	 14 	 74
3 	 263 	 15 	 119
4 	 31 	 6 	 18
5 	 171 	 12 	 86
1 	 157 	 11 	 41
2 	 97 	 16 	 25
3 	 157 	 19 	 84
4 	 5 	 1 	 151
5 	 157 	 18 	 120
1 	 197 	 12 	 58
2 	 213 	 19 	 123
3 	 141 	 12 	 117
4 	 193 	 15 	 76
5 	 25 	 3 	 33
1 	 165 	 10 	 75
2 	 71 	 8 	 11
3 	 69 	 6 	 23
4 	 325 	 21 	 145
5 	 55 	 6 	 160
1 	 109 	 15 	 87
2 	 177 	 25 	 17
3 	 245 	 15 	 89
4 	 221 	 21 	 68
5 	 57 	 9 	 148
1 	 35 	 5 	 108
2 	 119 	 8 	 113
3 	 93 	 6 	 157
4 	 85 	 9 	 31
5 	 171 	 15 	 35
1 	 249 	 16 	 135
2 	 63 	 15 	 78
3 	 63 	 9 	 77
4 	 213 	 10 	 94
5 	 119 	 13 	 6
1 	 309 	 21 	 110
3 	 275 	 21 	 7
4 	 51 	 4 	 101
5 	 113 	 9 	 149
1 	 187 	 9 	 128
2 	 31 	 3 	 114
3 	 293 	 19 	 35
4 	 153 	 11 	 148
5 	 220 	 14 	 106
1 	 109 	 15 	 25
2 	 239 	 22 	 54
3 	 115 	 14 	 83
4 	 67 	 10 	 58
5 	 155 	 13 	 104
1 	 59 	 7 	 48
2 	 278 	 27 	 27
3 	 127 	 11 	 116
4 	 95 	 12 	 13
5 	 241 	 24 	 135
1 	 291 	 24 	 154
2 	 65 	 9 	 26
3 	 89 	 9 	 59
4 	 55 	 14 	 70
5 	 203 	 22 	 101
1 	 283 	 22 	 40
2 	 17 	 3 	 110
3 	 121 	 10 	 20
4 	 217 	 22 	 144
5 	 121 	 16 	 35
1 	 213 	 14 	 52
2 	 265 	 14 	 36
3 	 23 	 2 	 108
4 	 117 	 16 	 164
5 	 299 	 18 	 116
1 	 227 	 15 	 4
2 	 173 	 15 	 30
3 	 51 	 7 	 139
4 	 199 	 14 	 144
5 	 69 	 7 	 74
1 	 245 	 20 	 106
2 	 273 	 20 	 118
3 	 259 	 21 	 38
4 	 127 	 12 	 4
5 	 131 	 14 	 17
1 	 303 	 26 	 51
2 	 163 	 16 	 88
3 	 47 	 6 	 133
4 	 29 	 3 	 152
5 	 131 	 11 	 35
1 	 233 	 16 	 120
2 	 49 	 7 	 30
3 	 231 	 16 	 16
4 	 13 	 1 	 67
5 	 129 	 11 	 71
1 	 161 	 19 	 108
2 	 19 	 3 	 13
3 	 225 	 22 	 75
4 	 237 	 15 	 70
5 	 95 	 10 	 75
1 	 97 	 17 	 137
2 	 43 	 6 	 95
3 	 273 	 16 	 103
4 	 69 	 11 	 3
5 	 33 	 2 	 37
1 	 229 	 15 	 41
2 	 213 	 12 	 15
3 	 119 	 9 	 114
4 	 61 	 11 	 14
5 	 62 	 6 	 58
1 	 67 	 7 	 42
2 	 40 	 9 	 104
3 	 149 	 16 	 51
4 	 95 	 17 	 44
5 	 129 	 17 	 146
1 	 69 	 5 	 120
2 	 137 	 10 	 25
3 	 25 	 5 	 68
4 	 159 	 5 	 101
5 	 291 	 21 	 42
1 	 143 	 13 	 142
2 	 267 	 11 	 14
3 	 83 	 11 	 17
4 	 13 	 2 	 26
5 	 9 	 1 	 43
1 	 63 	 5 	 21
2 	 49 	 6 	 67
3 	 25 	 3 	 99
4 	 327 	 23 	 110
5 	 147 	 18 	 37
1 	 302 	 15 	 146
2 	 221 	 12 	 31
3 	 75 	 9 	 47
4 	 203 	 14 	 29
5 	 141 	 14 	 52
1 	 177 	 9 	 66
2 	 15 	 2 	 113
3 	 293 	 18 	 45
4 	 83 	 9 	 42
5 	 83 	 12 	 64
1 	 135 	 11 	 118
2 	 41 	 6 	 140
3 	 83 	 14 	 3
4 	 45 	 4 	 96
5 	 303 	 25 	 158
1 	 251 	 23 	 34
2 	 230 	 16 	 91
3 	 35 	 7 	 1
4 	 49 	 6 	 94
5 	 183 	 19 	 22
1 	 303 	 19 	 156
2 	 195 	 16 	 99
3 	 174 	 15 	 42
4 	 47 	 8 	 21
1 	 133 	 8 	 140
2 	 15 	 1 	 71
3 	 157 	 13 	 117
4 	 233 	 14 	 66
5 	 191 	 17 	 20
1 	 189 	 16 	 60
2 	 107 	 11 	 143
3 	 275 	 25 	 50
4 	 147 	 16 	 149
5 	 129 	 20 	 89
1 	 200 	 7 	 86
2 	 185 	 12 	 19
3 	 71 	 7 	 139
4 	 43 	 6 	 85
1 	 285 	 17 	 127
2 	 145 	 11 	 5
3 	 197 	 10 	 50
4 	 6 	 1 	 0
5 	 231 	 23 	 64
1 	 199 	 20 	 81
2 	 224 	 17 	 52
3 	 197 	 16 	 92
4 	 49 	 6 	 19
5 	 133 	 14 	 94
1 	 189 	 14 	 12
2 	 263 	 21 	 153
3 	 193 	 17 	 125
4 	 47 	 12 	 148
5 	 13 	 1 	 96
1 	 239 	 16 	 99
2 	 65 	 8 	 103
3 	 185 	 12 	 146
4 	 147 	 17 	 14
5 	 83 	 8 	 9
1 	 283 	 19 	 12
2 	 5 	 1 	 51
3 	 283 	 14 	 24
4 	 73 	 9 	 96
5 	 41 	 3 	 54
1 	 145 	 9 	 86
2 	 305 	 21 	 30
3 	 11 	 1 	 103
5 	 16 	 2 	 159
1 	 291 	 24 	 35
2 	 213 	 17 	 66
3 	 179 	 16 	 143
4 	 159 	 14 	 111
5 	 49 	 5 	 42
1 	 191 	 16 	 78
2 	 5 	 1 	 0
3 	 87 	 10 	 165
4 	 137 	 16 	 28
5 	 185 	 18 	 134
1 	 323 	 26 	 114
2 	 131 	 19 	 79
3 	 151 	 11 	 55
4 	 281 	 27 	 150
5 	 17 	 3 	 153
1 	 61 	 7 	 120
2 	 143 	 14 	 61
3 	 137 	 10 	 157
4 	 277 	 18 	 3
5 	 129 	 13 	 146
2 	 67 	 6 	 86
3 	 145 	 17 	 72
4 	 73 	 9 	 77
5 	 81 	 5 	 57
1 	 64 	 4 	 53
2 	 105 	 10 	 128
3 	 63 	 7 	 65
4 	 169 	 13 	 90
5 	 29 	 9 	 35
1 	 111 	 13 	 27
2 	 307 	 28 	 88
3 	 55 	 7 	 18
4 	 297 	 25 	 67
5 	 125 	 17 	 68
1 	 259 	 17 	 143
2 	 133 	 10 	 88
3 	 111 	 18 	 19
4 	 129 	 9 	 129
1 	 335 	 24 	 150
2 	 149 	 11 	 117
3 	 121 	 11 	 139
4 	 179 	 14 	 23
5 	 115 	 15 	 60
1 	 129 	 12 	 96
2 	 180 	 11 	 25
3 	 167 	 18 	 155
4 	 225 	 19 	 125
5 	 9 	 1 	 22
1 	 189 	 12 	 21
2 	 89 	 13 	 54
3 	 146 	 15 	 99
4 	 109 	 7 	 160
5 	 299 	 19 	 92
1 	 230 	 19 	 163
2 	 79 	 15 	 26
3 	 45 	 3 	 72
4 	 151 	 17 	 43
5 	 95 	 11 	 105
1 	 215 	 14 	 20
2 	 17 	 3 	 99
3 	 235 	 15 	 86
4 	 189 	 14 	 32
5 	 221 	 21 	 101
1 	 313 	 19 	 89
2 	 27 	 3 	 52
3 	 175 	 16 	 161
4 	 21 	 2 	 3
5 	 6 	 1 	 0
1 	 93 	 9 	 99
2 	 307 	 17 	 148
3 	 105 	 8 	 33
4 	 69 	 5 	 34
5 	 53 	 14 	 157
1 	 301 	 19 	 146
2 	 11 	 1 	 122
3 	 225 	 20 	 43
4 	 17 	 2 	 107
5 	 117 	 11 	 60
1 	 189 	 19 	 137
2 	 133 	 15 	 11
3 	 27 	 4 	 48
4 	 77 	 10 	 59
5 	 25 	 3 	 152
1 	 209 	 10 	 70
2 	 61 	 6 	 160
3 	 49 	 3 	 81
4 	 179 	 16 	 64
5 	 157 	 8 	 85
1 	 97 	 5 	 44
2 	 147 	 18 	 125
3 	 305 	 22 	 154
4 	 149 	 22 	 43
5 	 71 	 12 	 117
1 	 325 	 17 	 60
2 	 203 	 18 	 40
3 	 157 	 15 	 72
4 	 53 	 6 	 78
5 	 13 	 1 	 101
1 	 209 	 20 	 61
2 	 218 	 12 	 64
3 	 21 	 2 	 57
4 	 261 	 20 	 79
5 	 87 	 9 	 111
1 	 197 	 13 	 43
2 	 53 	 5 	 73
3 	 59 	 4 	 126
4 	 227 	 18 	 31
5 	 127 	 13 	 149
1 	 43 	 4 	 113
2 	 159 	 10 	 10
3 	 204 	 13 	 104
4 	 175 	 15 	 72
5 	 91 	 9 	 123
1 	 241 	 11 	 24
2 	 261 	 17 	 87
3 	 230 	 16 	 96
4 	 57 	 6 	 76
5 	 123 	 11 	 89
1 	 173 	 26 	 134
2 	 293 	 26 	 9
3 	 151 	 17 	 15
4 	 125 	 14 	 31
5 	 201 	 16 	 138
1 	 19 	 2 	 150
2 	 87 	 10 	 27
3 	 205 	 9 	 65
4 	 113 	 10 	 165
5 	 117 	 11 	 61
1 	 321 	 30 	 5
2 	 211 	 20 	 21
3 	 137 	 12 	 147
4 	 99 	 11 	 162
5 	 289 	 32 	 35
1 	 11 	 2 	 19
2 	 251 	 13 	 159
3 	 143 	 13 	 53
4 	 197 	 12 	 4
5 	 85 	 12 	 74
1 	 5 	 1 	 0
2 	 53 	 5 	 97
3 	 17 	 2 	 40
4 	 189 	 15 	 10
5 	 259 	 17 	 119
1 	 123 	 11 	 22
2 	 251 	 27 	 80
3 	 49 	 6 	 43
4 	 209 	 17 	 20
5 	 319 	 37 	 168
1 	 157 	 17 	 58
2 	 239 	 18 	 68
3 	 35 	 4 	 79
4 	 89 	 10 	 27
5 	 275 	 22 	 68
1 	 139 	 12 	 124
2 	 43 	 6 	 131
3 	 119 	 10 	 7
4 	 327 	 21 	 1
5 	 137 	 13 	 97
1 	 71 	 8 	 79
2 	 217 	 14 	 143
3 	 141 	 20 	 100
4 	 209 	 17 	 157
5 	 135 	 12 	 92
1 	 37 	 12 	 73
2 	 176 	 15 	 14
3 	 161 	 13 	 120
4 	 121 	 13 	 133
5 	 179 	 11 	 96
1 	 81 	 8 	 96
2 	 21 	 2 	 133
3 	 191 	 14 	 155
4 	 39 	 8 	 58
5 	 139 	 10 	 46
1 	 59 	 6 	 66
2 	 115 	 10 	 150
3 	 249 	 12 	 28
4 	 71 	 11 	 39
5 	 31 	 4 	 104
1 	 309 	 28 	 169
2 	 255 	 27 	 82
3 	 200 	 17 	 37
4 	 321 	 28 	 6
5 	 77 	 7 	 8
1 	 67 	 7 	 138
2 	 79 	 7 	 134
3 	 173 	 11 	 119
4 	 113 	 13 	 54
5 	 89 	 8 	 90
1 	 59 	 6 	 61
2 	 179 	 14 	 6
3 	 237 	 19 	 136
4 	 35 	 3 	 85
5 	 157 	 14 	 40
1 	 191 	 9 	 7
2 	 139 	 16 	 107
3 	 299 	 22 	 152
4 	 17 	 2 	 96
5 	 245 	 23 	 22
1 	 209 	 14 	 49
2 	 41 	 4 	 61
3 	 59 	 5 	 152
4 	 121 	 12 	 56
5 	 89 	 6 	 139
1 	 277 	 21 	 37
2 	 195 	 11 	 162
3 	 19 	 3 	 7
4 	 239 	 18 	 162
5 	 45 	 6 	 2
1 	 207 	 23 	 69
2 	 137 	 13 	 136
3 	 153 	 16 	 51
4 	 219 	 14 	 38
5 	 77 	 7 	 124
1 	 185 	 18 	 50
2 	 261 	 17 	 131
3 	 215 	 12 	 126
4 	 143 	 14 	 63
5 	 65 	 9 	 141
1 	 77 	 5 	 13
2 	 137 	 16 	 49
3 	 83 	 7 	 33
4 	 137 	 16 	 113
5 	 305 	 28 	 28
1 	 133 	 13 	 22
2 	 275 	 31 	 161
3 	 193 	 23 	 12
4 	 207 	 17 	 82
5 	 37 	 6 	 32
1 	 229 	 16 	 39
2 	 51 	 4 	 117
3 	 141 	 13 	 143
4 	 127 	 14 	 9
5 	 139 	 13 	 25
1 	 123 	 8 	 7
2 	 111 	 6 	 37
3 	 99 	 14 	 36
4 	 25 	 6 	 114
5 	 145 	 15 	 133
1 	 85 	 8 	 26
2 	 47 	 13 	 91
3 	 25 	 4 	 10
4 	 152 	 6 	 56
5 	 267 	 29 	 92
1 	 245 	 14 	 132
2 	 67 	 7 	 145
3 	 161 	 15 	 85
4 	 55 	 6 	 123
5 	 47 	 8 	 129
1 	 117 	 9 	 49
2 	 39 	 4 	 17
3 	 261 	 14 	 138
4 	 81 	 13 	 32
5 	 183 	 6 	 155
1 	 135 	 13 	 45
2 	 169 	 10 	 110
3 	 179 	 7 	 159
4 	 182 	 16 	 146
5 	 39 	 4 	 93
1 	 259 	 14 	 103
2 	 301 	 18 	 133
3 	 81 	 10 	 159
4 	 5 	 1 	 22
5 	 253 	 17 	 117
1 	 55 	 8 	 162
2 	 239 	 22 	 108
4 	 181 	 12 	 25
1 	 165 	 10 	 34
2 	 105 	 10 	 62
3 	 311 	 20 	 114
4 	 133 	 13 	 47
5 	 149 	 13 	 103
1 	 197 	 13 	 108
2 	 167 	 9 	 20
3 	 289 	 26 	 160
4 	 75 	 6 	 129
5 	 53 	 11 	 147
1 	 37 	 5 	 85
2 	 123 	 7 	 28
3 	 257 	 15 	 157
4 	 253 	 15 	 121
5 	 67 	 5 	 129
1 	 294 	 18 	 101
2 	 119 	 9 	 25
3 	 127 	 13 	 85
4 	 15 	 1 	 65
5 	 257 	 20 	 152
1 	 133 	 9 	 30
2 	 67 	 15 	 54
3 	 49 	 6 	 140
4 	 303 	 17 	 111
5 	 311 	 31 	 48
1 	 283 	 16 	 3
2 	 194 	 8 	 33
3 	 307 	 20 	 16
4 	 243 	 18 	 104
5 	 75 	 10 	 131
1 	 83 	 8 	 77
2 	 29 	 6 	 110
3 	 315 	 31 	 123
4 	 25 	 7 	 116
5 	 97 	 9 	 144
1 	 125 	 10 	 23
2 	 89 	 12 	 17
3 	 11 	 1 	 154
4 	 85 	 10 	 1
5 	 269 	 20 	 62
1 	 269 	 13 	 120
2 	 193 	 21 	 63
3 	 141 	 8 	 126
4 	 256 	 20 	 108
5 	 69 	 7 	 36
1 	 115 	 12 	 121
2 	 121 	 13 	 129
4 	 137 	 18 	 131
5 	 187 	 10 	 161
1 	 307 	 20 	 66
2 	 237 	 24 	 38
3 	 195 	 22 	 73
4 	 203 	 19 	 77
5 	 13 	 1 	 111
1 	 149 	 10 	 43
2 	 122 	 13 	 160
3 	 59 	 4 	 32
4 	 47 	 6 	 102
5 	 5 	 1 	 89
1 	 205 	 17 	 153
2 	 99 	 6 	 106
3 	 121 	 13 	 67
5 	 38 	 4 	 71
1 	 79 	 8 	 148
2 	 119 	 7 	 144
3 	 271 	 15 	 32
5 	 99 	 11 	 33
1 	 97 	 9 	 37
2 	 33 	 6 	 128
3 	 117 	 9 	 16
4 	 139 	 14 	 71
5 	 127 	 15 	 113
1 	 307 	 19 	 140
3 	 105 	 10 	 78
4 	 57 	 7 	 78
5 	 85 	 9 	 29
1 	 249 	 17 	 161
2 	 53 	 7 	 148
3 	 101 	 11 	 30
4 	 293 	 20 	 120
5 	 47 	 7 	 72
1 	 130 	 8 	 163
2 	 181 	 13 	 111
3 	 239 	 12 	 21
4 	 173 	 19 	 67
5 	 291 	 16 	 122
1 	 91 	 7 	 105
2 	 317 	 22 	 44
3 	 183 	 17 	 35
4 	 79 	 18 	 159
5 	 225 	 18 	 69
1 	 75 	 6 	 119
2 	 95 	 7 	 113
3 	 243 	 15 	 129
4 	 157 	 14 	 116
5 	 83 	 8 	 92
1 	 179 	 13 	 154
2 	 35 	 6 	 156
3 	 119 	 13 	 6
4 	 187 	 17 	 63
5 	 79 	 7 	 157
1 	 35 	 4 	 46
2 	 61 	 7 	 32
3 	 43 	 5 	 17
4 	 17 	 6 	 77
5 	 37 	 6 	 62
1 	 211 	 9 	 121
2 	 83 	 12 	 160
3 	 103 	 9 	 83
4 	 329 	 13 	 32
5 	 184 	 17 	 59
1 	 27 	 3 	 134
2 	 195 	 12 	 49
3 	 51 	 4 	 48
4 	 189 	 10 	 45
5 	 143 	 15 	 141
1 	 25 	 3 	 39
2 	 303 	 14 	 129
3 	 149 	 14 	 50
4 	 71 	 6 	 123
5 	 99 	 16 	 5
1 	 129 	 10 	 89
2 	 189 	 22 	 34
3 	 190 	 14 	 27
4 	 45 	 3 	 120
5 	 181 	 16 	 156
1 	 123 	 16 	 60
2 	 169 	 9 	 92
3 	 93 	 10 	 84
4 	 283 	 18 	 103
5 	 29 	 4 	 104
1 	 69 	 7 	 28
2 	 133 	 11 	 61
3 	 164 	 13 	 37
4 	 51 	 7 	 114
5 	 311 	 26 	 92
1 	 129 	 9 	 151
2 	 243 	 17 	 108
3 	 176 	 10 	 19
4 	 73 	 6 	 97
5 	 23 	 3 	 91
1 	 109 	 9 	 38
2 	 55 	 6 	 86
3 	 163 	 12 	 157
4 	 75 	 9 	 102
5 	 77 	 9 	 136
1 	 207 	 13 	 39
2 	 39 	 3 	 101
3 	 27 	 5 	 67
4 	 137 	 12 	 35
5 	 83 	 11 	 14
1 	 321 	 18 	 40
2 	 152 	 6 	 60
3 	 201 	 14 	 46
4 	 197 	 13 	 26
5 	 45 	 4 	 68
1 	 19 	 5 	 3
2 	 303 	 16 	 2
3 	 45 	 8 	 114
4 	 217 	 16 	 152
5 	 177 	 14 	 67
1 	 47 	 8 	 60
2 	 233 	 11 	 24
3 	 83 	 6 	 40
4 	 131 	 15 	 111
5 	 139 	 14 	 127
1 	 121 	 12 	 107
2 	 125 	 20 	 59
3 	 273 	 23 	 7
4 	 169 	 17 	 34
5 	 67 	 9 	 158
1 	 11 	 2 	 38
2 	 53 	 6 	 148
3 	 195 	 16 	 122
4 	 107 	 9 	 83
5 	 25 	 4 	 160
1 	 189 	 12 	 54
2 	 187 	 15 	 53
3 	 145 	 15 	 87
4 	 45 	 6 	 113
5 	 132 	 9 	 75
1 	 225 	 12 	 106
2 	 215 	 26 	 18
3 	 133 	 14 	 93
4 	 167 	 14 	 6
5 	 75 	 8 	 64
1 	 165 	 16 	 38
2 	 55 	 7 	 145
3 	 115 	 9 	 9
4 	 71 	 8 	 66
5 	 121 	 12 	 131
1 	 213 	 17 	 146
2 	 313 	 25 	 37
3 	 75 	 10 	 47
4 	 117 	 10 	 75
5 	 147 	 15 	 114
1 	 67 	 7 	 89
2 	 195 	 9 	 43
3 	 45 	 8 	 158
4 	 21 	 3 	 47
5 	 51 	 9 	 120
1 	 43 	 5 	 97
2 	 317 	 28 	 156
3 	 15 	 1 	 145
4 	 117 	 9 	 48
5 	 165 	 11 	 122
2 	 25 	 2 	 150
3 	 107 	 7 	 111
4 	 302 	 17 	 47
5 	 137 	 15 	 45
1 	 133 	 7 	 4
2 	 91 	 8 	 79
3 	 178 	 19 	 53
4 	 133 	 12 	 16
5 	 199 	 18 	 1
1 	 53 	 7 	 155
2 	 177 	 14 	 113
3 	 123 	 9 	 155
4 	 257 	 15 	 103
5 	 27 	 3 	 25
1 	 282 	 21 	 122
2 	 135 	 18 	 81
3 	 313 	 26 	 99
4 	 225 	 18 	 110
5 	 207 	 13 	 134
1 	 257 	 25 	 31
3 	 324 	 38 	 140
4 	 176 	 26 	 101
5 	 219 	 22 	 117
1 	 280 	 25 	 34
2 	 221 	 23 	 26
3 	 243 	 19 	 72
4 	 69 	 7 	 39
5 	 126 	 28 	 132
1 	 199 	 17 	 46
2 	 17 	 2 	 105
3 	 271 	 14 	 113
4 	 51 	 9 	 128
5 	 125 	 12 	 84
1 	 147 	 9 	 113
2 	 155 	 23 	 152
3 	 53 	 5 	 145
4 	 35 	 4 	 154
5 	 25 	 3 	 24
1 	 139 	 12 	 41
2 	 237 	 15 	 12
3 	 23 	 3 	 73
4 	 105 	 8 	 50
5 	 39 	 5 	 115
1 	 187 	 16 	 72
2 	 205 	 17 	 38
3 	 107 	 8 	 147
4 	 125 	 11 	 141
5 	 253 	 17 	 96
1 	 230 	 14 	 80
2 	 189 	 11 	 24
3 	 53 	 4 	 71
4 	 299 	 14 	 73
5 	 93 	 14 	 162
1 	 51 	 6 	 141
2 	 27 	 4 	 86
3 	 101 	 12 	 132
4 	 81 	 21 	 68
5 	 53 	 6 	 137
1 	 41 	 5 	 137
2 	 259 	 18 	 106
3 	 183 	 15 	 157
4 	 87 	 6 	 43
5 	 7 	 1 	 159
1 	 19 	 2 	 93
2 	 81 	 8 	 27
3 	 223 	 11 	 120
4 	 245 	 19 	 139
5 	 261 	 15 	 91
1 	 15 	 4 	 30
2 	 5 	 1 	 0
3 	 251 	 10 	 16
4 	 227 	 14 	 139
5 	 161 	 13 	 64
1 	 71 	 6 	 113
2 	 261 	 16 	 106
3 	 97 	 15 	 58
4 	 173 	 14 	 133
5 	 111 	 12 	 111
1 	 55 	 7 	 112
2 	 65 	 8 	 77
3 	 275 	 21 	 143
4 	 325 	 17 	 91
5 	 149 	 15 	 64
1 	 245 	 17 	 134
2 	 127 	 11 	 23
3 	 187 	 17 	 22
4 	 69 	 6 	 9
5 	 107 	 12 	 108
1 	 307 	 16 	 55
2 	 163 	 10 	 92
3 	 75 	 11 	 110
4 	 69 	 6 	 54
5 	 89 	 6 	 47
1 	 89 	 10 	 136
2 	 49 	 8 	 92
3 	 193 	 24 	 23
4 	 225 	 19 	 39
5 	 9 	 1 	 157
1 	 141 	 13 	 160
2 	 91 	 11 	 141
3 	 197 	 17 	 125
4 	 241 	 18 	 117
5 	 63 	 14 	 63
1 	 175 	 15 	 5
2 	 191 	 13 	 53
3 	 167 	 11 	 59
4 	 4 	 1 	 0
5 	 141 	 8 	 31
1 	 23 	 3 	 41
2 	 171 	 14 	 130
3 	 275 	 18 	 105
4 	 57 	 11 	 161
5 	 297 	 20 	 149
1 	 123 	 7 	 96
2 	 129 	 9 	 104
3 	 49 	 5 	 151
4 	 197 	 12 	 87
5 	 227 	 12 	 31
1 	 237 	 27 	 94
2 	 117 	 14 	 33
3 	 145 	 15 	 30
4 	 145 	 19 	 76
5 	 125 	 18 	 71
1 	 9 	 3 	 10
2 	 157 	 12 	 46
3 	 133 	 9 	 69
4 	 145 	 14 	 93
5 	 95 	 9 	 109
1 	 273 	 23 	 35
2 	 267 	 24 	 106
3 	 131 	 15 	 83
4 	 101 	 9 	 36
5 	 103 	 19 	 111
1 	 159 	 13 	 108
2 	 241 	 15 	 29
3 	 143 	 14 	 139
4 	 71 	 11 	 53
5 	 51 	 5 	 109
1 	 99 	 8 	 133
2 	 262 	 12 	 95
3 	 161 	 15 	 64
4 	 143 	 14 	 139
5 	 111 	 13 	 74
1 	 267 	 14 	 86
2 	 297 	 29 	 12
3 	 161 	 17 	 145
4 	 159 	 18 	 117
5 	 295 	 30 	 7
1 	 289 	 17 	 90
2 	 103 	 13 	 131
3 	 183 	 18 	 48
4 	 15 	 4 	 79
5 	 164 	 20 	 85
1 	 65 	 6 	 2
2 	 121 	 9 	 104
3 	 67 	 5 	 27
4 	 101 	 6 	 123
5 	 43 	 3 	 1
1 	 239 	 19 	 77
2 	 164 	 7 	 8
3 	 262 	 23 	 82
4 	 72 	 11 	 92
5 	 69 	 8 	 73
1 	 249 	 20 	 42
2 	 209 	 20 	 64
3 	 9 	 1 	 157
4 	 69 	 14 	 28
5 	 93 	 15 	 83
1 	 59 	 5 	 113
2 	 150 	 10 	 85
3 	 73 	 11 	 146
4 	 267 	 19 	 23
5 	 131 	 16 	 110
1 	 169 	 10 	 84
2 	 253 	 17 	 85
3 	 25 	 4 	 74
4 	 53 	 9 	 152
5 	 307 	 20 	 129
1 	 89 	 6 	 96
2 	 289 	 21 	 51
3 	 117 	 10 	 127
4 	 69 	 12 	 23
5 	 39 	 3 	 9
1 	 181 	 10 	 98
2 	 97 	 6 	 23
3 	 57 	 7 	 153
4 	 233 	 15 	 164
5 	 231 	 24 	 60
1 	 215 	 27 	 80
2 	 241 	 20 	 116
3 	 91 	 9 	 9
4 	 71 	 7 	 38
5 	 73 	 8 	 43
2 	 47 	 5 	 134
3 	 53 	 11 	 33
4 	 103 	 15 	 119
5 	 5 	 1 	 136
1 	 297 	 19 	 47
2 	 27 	 4 	 31
3 	 103 	 10 	 52
5 	 192 	 17 	 138
1 	 301 	 19 	 123
2 	 183 	 16 	 82
4 	 53 	 8 	 98
5 	 170 	 6 	 60
1 	 249 	 10 	 9
2 	 115 	 8 	 89
3 	 133 	 9 	 86
4 	 117 	 10 	 149
5 	 85 	 12 	 13
1 	 263 	 20 	 151
2 	 83 	 9 	 54
3 	 137 	 15 	 134
4 	 101 	 12 	 104
5 	 279 	 23 	 17
1 	 23 	 3 	 97
2 	 295 	 13 	 92
3 	 243 	 21 	 33
4 	 199 	 15 	 47
5 	 71 	 10 	 75
1 	 305 	 24 	 91
2 	 261 	 18 	 53
3 	 99 	 14 	 17
4 	 161 	 12 	 75
5 	 31 	 4 	 105
1 	 53 	 9 	 124
2 	 109 	 6 	 106
3 	 168 	 14 	 127
4 	 306 	 19 	 10
5 	 37 	 4 	 109
1 	 193 	 12 	 29
2 	 131 	 14 	 48
3 	 249 	 20 	 87
4 	 147 	 13 	 19
5 	 137 	 19 	 151
1 	 85 	 6 	 6
3 	 510 	 34 	 145
4 	 131 	 13 	 87
5 	 75 	 15 	 6
1 	 273 	 14 	 94
2 	 135 	 12 	 94
3 	 19 	 5 	 135
4 	 45 	 6 	 105
5 	 209 	 17 	 132
1 	 235 	 14 	 128
2 	 51 	 12 	 71
3 	 111 	 10 	 103
4 	 15 	 2 	 148
5 	 277 	 28 	 66
1 	 41 	 4 	 133
2 	 199 	 16 	 52
3 	 217 	 23 	 62
4 	 261 	 19 	 87
5 	 305 	 25 	 13
1 	 83 	 10 	 137
2 	 143 	 11 	 47
3 	 168 	 7 	 121
4 	 133 	 12 	 23
5 	 17 	 2 	 52
1 	 263 	 21 	 75
2 	 53 	 4 	 109
3 	 103 	 12 	 69
4 	 109 	 12 	 164
5 	 311 	 24 	 149
1 	 71 	 9 	 7
2 	 161 	 15 	 113
3 	 65 	 13 	 100
4 	 118 	 11 	 4
5 	 123 	 9 	 48
1 	 203 	 19 	 117
2 	 129 	 9 	 10
3 	 271 	 19 	 45
4 	 192 	 13 	 73
5 	 31 	 7 	 126
1 	 167 	 9 	 72
2 	 311 	 21 	 112
3 	 215 	 16 	 5
4 	 153 	 14 	 120
5 	 47 	 5 	 114
1 	 227 	 13 	 105
2 	 253 	 16 	 26
3 	 59 	 9 	 116
4 	 33 	 7 	 159
5 	 49 	 8 	 29
1 	 107 	 9 	 41
2 	 246 	 16 	 2
3 	 123 	 17 	 80
4 	 165 	 19 	 51
5 	 317 	 24 	 31
1 	 135 	 13 	 72
2 	 159 	 14 	 105
3 	 85 	 7 	 102
4 	 43 	 8 	 31
5 	 165 	 11 	 22
1 	 47 	 7 	 71
2 	 185 	 12 	 144
3 	 41 	 6 	 60
4 	 249 	 16 	 66
5 	 29 	 3 	 116
1 	 285 	 25 	 127
2 	 201 	 15 	 23
3 	 41 	 5 	 2
4 	 146 	 12 	 164
5 	 37 	 6 	 93
1 	 273 	 22 	 61
2 	 277 	 16 	 90
3 	 175 	 15 	 105
4 	 23 	 3 	 82
5 	 63 	 7 	 23
1 	 209 	 15 	 110
2 	 175 	 16 	 71
3 	 189 	 11 	 142
4 	 121 	 14 	 69
5 	 195 	 17 	 52
1 	 13 	 1 	 78
2 	 149 	 9 	 136
3 	 101 	 8 	 99
4 	 225 	 12 	 145
5 	 31 	 5 	 72
1 	 95 	 5 	 104
2 	 165 	 7 	 120
3 	 257 	 13 	 142
4 	 229 	 18 	 77
5 	 35 	 3 	 67
1 	 185 	 15 	 15
2 	 185 	 14 	 62
3 	 17 	 5 	 138
4 	 203 	 11 	 145
5 	 51 	 12 	 91
1 	 117 	 11 	 71
2 	 15 	 2 	 120
3 	 87 	 11 	 65
4 	 181 	 11 	 9
5 	 163 	 10 	 14
1 	 249 	 13 	 126
2 	 63 	 8 	 128
3 	 57 	 10 	 57
4 	 209 	 18 	 27
5 	 61 	 5 	 134
1 	 103 	 7 	 79
2 	 65 	 8 	 51
3 	 38 	 4 	 152
4 	 139 	 11 	 157
5 	 261 	 16 	 84
1 	 127 	 7 	 121
2 	 173 	 7 	 110
3 	 51 	 5 	 49
4 	 117 	 18 	 52
5 	 53 	 5 	 44
1 	 253 	 11 	 57
2 	 215 	 17 	 108
3 	 237 	 14 	 19
4 	 143 	 18 	 75
5 	 161 	 18 	 115
1 	 173 	 14 	 159
2 	 141 	 13 	 123
3 	 4 	 1 	 0
4 	 133 	 10 	 142
5 	 95 	 12 	 3
1 	 143 	 13 	 88
2 	 318 	 23 	 70
3 	 329 	 19 	 160
4 	 175 	 6 	 123
5 	 269 	 15 	 24
2 	 153 	 11 	 47
3 	 37 	 5 	 104
4 	 193 	 15 	 32
5 	 207 	 12 	 86
1 	 95 	 10 	 106
2 	 33 	 4 	 94
3 	 95 	 7 	 152
4 	 229 	 13 	 165
5 	 179 	 17 	 43
1 	 271 	 14 	 125
2 	 73 	 7 	 114
3 	 169 	 19 	 77
4 	 83 	 8 	 22
5 	 55 	 6 	 26
1 	 189 	 10 	 160
2 	 102 	 12 	 93
3 	 303 	 18 	 11
4 	 285 	 28 	 70
5 	 47 	 10 	 6
1 	 71 	 5 	 108
2 	 266 	 18 	 163
3 	 191 	 18 	 45
4 	 35 	 4 	 131
5 	 47 	 8 	 5
1 	 209 	 25 	 19
2 	 215 	 20 	 167
3 	 126 	 11 	 28
4 	 61 	 12 	 129
5 	 279 	 22 	 75
1 	 217 	 11 	 14
2 	 79 	 6 	 159
3 	 309 	 25 	 5
4 	 241 	 21 	 23
5 	 163 	 13 	 105
1 	 271 	 12 	 85
2 	 51 	 6 	 135
3 	 57 	 12 	 80
4 	 75 	 14 	 91
5 	 203 	 16 	 15
1 	 191 	 18 	 77
2 	 197 	 16 	 49
3 	 211 	 22 	 100
5 	 203 	 14 	 119
1 	 33 	 3 	 117
2 	 251 	 18 	 108
3 	 35 	 5 	 134
4 	 75 	 10 	 108
5 	 55 	 7 	 103
1 	 41 	 4 	 170
2 	 77 	 8 	 3
3 	 273 	 18 	 86
4 	 121 	 8 	 25
5 	 83 	 7 	 90
1 	 21 	 3 	 23
2 	 181 	 14 	 9
3 	 29 	 4 	 112
4 	 295 	 16 	 153
5 	 265 	 13 	 72
1 	 288 	 22 	 65
2 	 39 	 6 	 105
3 	 39 	 2 	 100
4 	 205 	 18 	 148
5 	 69 	 9 	 58
1 	 217 	 22 	 23
2 	 214 	 15 	 32
3 	 75 	 11 	 55
4 	 87 	 10 	 15
5 	 117 	 10 	 131
1 	 9 	 1 	 127
2 	 115 	 6 	 69
3 	 47 	 8 	 15
4 	 83 	 10 	 130
5 	 135 	 6 	 90
1 	 193 	 14 	 8
2 	 295 	 15 	 139
3 	 49 	 5 	 143
4 	 23 	 2 	 105
5 	 196 	 13 	 89
1 	 139 	 17 	 33
2 	 55 	 11 	 129
3 	 223 	 27 	 104
4 	 277 	 26 	 125
5 	 187 	 10 	 69
1 	 263 	 14 	 43
2 	 323 	 25 	 123
3 	 107 	 11 	 89
4 	 135 	 11 	 2
5 	 15 	 1 	 144
1 	 329 	 27 	 42
2 	 17 	 2 	 116
3 	 119 	 16 	 27
4 	 195 	 20 	 155
5 	 19 	 6 	 7
1 	 115 	 7 	 143
2 	 129 	 11 	 147
3 	 111 	 15 	 31
4 	 295 	 18 	 95
5 	 65 	 5 	 13
1 	 11 	 1 	 133
2 	 231 	 13 	 66
3 	 107 	 11 	 108
4 	 225 	 26 	 157
5 	 39 	 3 	 151
1 	 251 	 20 	 70
2 	 57 	 7 	 28
3 	 163 	 12 	 131
4 	 309 	 17 	 10
5 	 101 	 14 	 23
1 	 183 	 4 	 35
2 	 215 	 17 	 127
3 	 147 	 14 	 113
4 	 53 	 9 	 11
5 	 159 	 13 	 95
1 	 181 	 16 	 22
2 	 305 	 19 	 103
3 	 165 	 10 	 137
4 	 222 	 17 	 34
5 	 77 	 13 	 40
1 	 183 	 14 	 130
2 	 77 	 14 	 87
3 	 157 	 15 	 113
4 	 39 	 5 	 55
5 	 13 	 5 	 41
1 	 207 	 20 	 130
2 	 227 	 19 	 118
3 	 61 	 4 	 126
4 	 97 	 7 	 112
5 	 149 	 13 	 92
1 	 15 	 2 	 50
2 	 23 	 2 	 125
3 	 99 	 8 	 118
4 	 217 	 19 	 104
5 	 310 	 22 	 93
1 	 47 	 11 	 134
2 	 177 	 10 	 139
3 	 50 	 8 	 115
4 	 21 	 3 	 43
5 	 291 	 18 	 56
1 	 227 	 13 	 69
2 	 79 	 7 	 35
3 	 7 	 1 	 46
4 	 151 	 9 	 103
5 	 31 	 2 	 8
1 	 83 	 8 	 162
2 	 95 	 8 	 146
3 	 189 	 17 	 7
4 	 305 	 16 	 163
5 	 123 	 12 	 21
1 	 89 	 14 	 94
2 	 179 	 9 	 1
3 	 41 	 7 	 78
4 	 15 	 2 	 88
5 	 281 	 20 	 47
1 	 173 	 10 	 47
2 	 231 	 18 	 11
3 	 189 	 16 	 11
4 	 25 	 2 	 158
5 	 113 	 20 	 148
1 	 253 	 20 	 96
2 	 33 	 5 	 117
4 	 357 	 34 	 125
5 	 225 	 26 	 65
1 	 261 	 22 	 134
2 	 147 	 14 	 122
3 	 245 	 17 	 11
4 	 11 	 1 	 36
5 	 121 	 15 	 118
1 	 241 	 12 	 45
2 	 323 	 19 	 28
3 	 287 	 17 	 11
4 	 213 	 16 	 22
5 	 41 	 7 	 30
1 	 233 	 12 	 129
2 	 155 	 12 	 96
3 	 223 	 15 	 49
4 	 11 	 2 	 123
5 	 45 	 3 	 26
1 	 121 	 13 	 128
2 	 289 	 15 	 149
3 	 323 	 29 	 157
4 	 129 	 13 	 138
5 	 261 	 26 	 113
1 	 257 	 14 	 128
2 	 87 	 9 	 42
3 	 141 	 11 	 71
4 	 53 	 7 	 145
5 	 85 	 6 	 13
1 	 201 	 16 	 79
2 	 15 	 2 	 131
3 	 189 	 14 	 107
4 	 263 	 18 	 82
5 	 17 	 1 	 80
1 	 31 	 4 	 63
2 	 91 	 8 	 39
3 	 176 	 9 	 23
4 	 57 	 12 	 23
5 	 206 	 13 	 144
1 	 57 	 8 	 24
2 	 39 	 9 	 31
3 	 119 	 13 	 128
4 	 51 	 5 	 75
5 	 261 	 23 	 29
1 	 139 	 13 	 68
2 	 31 	 2 	 35
3 	 153 	 11 	 20
4 	 309 	 17 	 157
5 	 169 	 15 	 95
1 	 207 	 10 	 119
2 	 241 	 22 	 89
3 	 183 	 12 	 21
4 	 163 	 15 	 161
5 	 116 	 10 	 27
1 	 105 	 13 	 13
2 	 313 	 25 	 69
3 	 61 	 11 	 128
4 	 61 	 12 	 165
5 	 246 	 17 	 75
1 	 29 	 3 	 172
2 	 61 	 7 	 136
3 	 17 	 5 	 26
4 	 331 	 22 	 19
5 	 29 	 3 	 68
1 	 61 	 4 	 129
2 	 267 	 12 	 93
3 	 31 	 5 	 61
4 	 7 	 1 	 122
5 	 67 	 6 	 63
1 	 219 	 15 	 119
2 	 57 	 7 	 145
3 	 279 	 21 	 160
4 	 111 	 12 	 25
5 	 103 	 9 	 62
1 	 141 	 7 	 13
2 	 151 	 10 	 171
3 	 178 	 14 	 48
4 	 77 	 12 	 99
5 	 295 	 23 	 100
1 	 289 	 27 	 18
2 	 31 	 5 	 73
3 	 103 	 12 	 20
4 	 215 	 19 	 46
5 	 27 	 3 	 104
1 	 29 	 3 	 91
2 	 231 	 14 	 61
3 	 183 	 24 	 84
4 	 171 	 17 	 68
5 	 59 	 7 	 37
1 	 171 	 12 	 9
2 	 101 	 9 	 51
3 	 91 	 13 	 75
4 	 47 	 11 	 61
5 	 319 	 15 	 44
1 	 157 	 12 	 7
2 	 23 	 2 	 132
3 	 75 	 7 	 35
4 	 95 	 10 	 37
5 	 263 	 17 	 91
1 	 295 	 15 	 129
2 	 137 	 8 	 136
3 	 73 	 6 	 55
4 	 33 	 4 	 49
5 	 95 	 9 	 54
1 	 63 	 7 	 53
2 	 249 	 17 	 150
3 	 221 	 24 	 138
4 	 185 	 17 	 68
5 	 55 	 8 	 106
1 	 179 	 13 	 132
2 	 57 	 9 	 137
3 	 249 	 12 	 115
4 	 175 	 12 	 136
5 	 127 	 13 	 85
1 	 141 	 12 	 104
2 	 89 	 7 	 121
3 	 57 	 7 	 25
4 	 81 	 7 	 104
5 	 151 	 22 	 28
1 	 155 	 10 	 137
2 	 87 	 8 	 162
3 	 283 	 15 	 127
4 	 315 	 19 	 112
5 	 291 	 23 	 118
1 	 151 	 9 	 102
2 	 31 	 4 	 6
3 	 119 	 10 	 87
4 	 43 	 4 	 107
5 	 157 	 15 	 24
1 	 71 	 6 	 142
2 	 291 	 13 	 59
3 	 211 	 18 	 71
4 	 119 	 15 	 120
5 	 29 	 3 	 19
1 	 128 	 12 	 57
2 	 303 	 16 	 160
3 	 83 	 7 	 67
4 	 273 	 18 	 151
5 	 87 	 10 	 52
1 	 195 	 16 	 48
2 	 247 	 17 	 71
3 	 203 	 17 	 99
4 	 69 	 8 	 16
5 	 25 	 4 	 116
1 	 65 	 6 	 70
2 	 183 	 12 	 136
3 	 125 	 7 	 120
4 	 101 	 15 	 95
5 	 207 	 11 	 94
1 	 109 	 15 	 58
2 	 261 	 19 	 120
3 	 85 	 5 	 144
4 	 133 	 16 	 124
5 	 89 	 11 	 96
1 	 209 	 11 	 122
2 	 75 	 8 	 79
3 	 159 	 18 	 137
4 	 283 	 17 	 77
5 	 107 	 15 	 24
1 	 207 	 17 	 144
2 	 3 	 1 	 143
3 	 305 	 24 	 145
4 	 143 	 11 	 81
5 	 111 	 19 	 49
1 	 112 	 8 	 129
2 	 284 	 16 	 100
3 	 297 	 20 	 21
4 	 47 	 6 	 41
5 	 149 	 14 	 138
1 	 103 	 19 	 126
2 	 133 	 11 	 11
3 	 41 	 5 	 18
4 	 257 	 37 	 61
5 	 49 	 8 	 12
1 	 177 	 22 	 25
2 	 137 	 9 	 125
3 	 93 	 14 	 29
4 	 79 	 7 	 23
5 	 21 	 7 	 149
1 	 331 	 28 	 35
2 	 59 	 9 	 75
3 	 89 	 13 	 103
4 	 159 	 12 	 28
5 	 67 	 13 	 107
1 	 193 	 16 	 32
2 	 123 	 12 	 40
3 	 29 	 4 	 31
4 	 59 	 9 	 19
5 	 15 	 2 	 34
1 	 113 	 9 	 31
2 	 213 	 16 	 153
3 	 285 	 20 	 154
4 	 69 	 7 	 155
5 	 237 	 19 	 4
1 	 171 	 13 	 122
2 	 11 	 1 	 128
3 	 188 	 9 	 58
4 	 75 	 7 	 113
5 	 127 	 15 	 122
1 	 149 	 10 	 133
2 	 217 	 15 	 9
3 	 25 	 6 	 4
4 	 173 	 15 	 68
5 	 45 	 5 	 78
1 	 317 	 18 	 72
3 	 245 	 15 	 78
4 	 99 	 13 	 127
5 	 229 	 15 	 44
1 	 315 	 25 	 14
2 	 203 	 19 	 99
3 	 103 	 9 	 133
4 	 182 	 6 	 32
5 	 311 	 19 	 112
1 	 223 	 26 	 32
2 	 133 	 12 	 13
3 	 17 	 4 	 155
4 	 51 	 5 	 34
5 	 309 	 32 	 84
1 	 309 	 15 	 89
2 	 96 	 10 	 142
3 	 41 	 6 	 20
4 	 265 	 20 	 84
5 	 145 	 12 	 33
1 	 173 	 18 	 151
2 	 127 	 13 	 95
3 	 99 	 19 	 76
4 	 297 	 20 	 65
5 	 49 	 7 	 68
1 	 119 	 11 	 150
2 	 171 	 14 	 91
3 	 109 	 12 	 80
4 	 43 	 7 	 64
5 	 179 	 16 	 16
1 	 101 	 7 	 66
2 	 55 	 7 	 93
3 	 275 	 19 	 118
4 	 246 	 13 	 84
5 	 179 	 13 	 11
1 	 213 	 14 	 77
2 	 137 	 11 	 31
3 	 43 	 5 	 4
4 	 79 	 7 	 67
5 	 135 	 12 	 135
1 	 67 	 6 	 90
2 	 149 	 10 	 20
3 	 161 	 10 	 128
4 	 35 	 5 	 83
5 	 43 	 4 	 140
1 	 81 	 6 	 56
2 	 39 	 4 	 85
3 	 199 	 15 	 129
4 	 67 	 8 	 13
5 	 77 	 8 	 1
1 	 177 	 14 	 45
2 	 131 	 10 	 64
3 	 227 	 21 	 26
4 	 153 	 11 	 111
5 	 125 	 11 	 5
1 	 105 	 9 	 79
2 	 325 	 19 	 30
3 	 63 	 7 	 43
4 	 237 	 15 	 63
5 	 67 	 12 	 46
1 	 93 	 13 	 31
2 	 143 	 9 	 26
3 	 231 	 14 	 137
4 	 145 	 20 	 81
5 	 4 	 1 	 0
1 	 193 	 12 	 130
2 	 247 	 15 	 113
3 	 75 	 9 	 155
4 	 97 	 21 	 4
5 	 13 	 2 	 96
1 	 61 	 7 	 49
2 	 179 	 20 	 145
3 	 175 	 9 	 46
4 	 41 	 7 	 83
5 	 49 	 7 	 36
1 	 243 	 16 	 134
2 	 179 	 17 	 165
3 	 125 	 11 	 136
4 	 91 	 10 	 122
5 	 21 	 2 	 105
1 	 49 	 3 	 124
2 	 243 	 17 	 6
3 	 69 	 7 	 146
4 	 21 	 2 	 50
5 	 107 	 9 	 56
1 	 59 	 7 	 132
2 	 185 	 12 	 149
3 	 59 	 7 	 101
4 	 279 	 17 	 157
5 	 15 	 1 	 37
1 	 79 	 8 	 148
2 	 321 	 23 	 68
3 	 221 	 17 	 140
4 	 127 	 16 	 29
5 	 41 	 7 	 38
1 	 225 	 22 	 109
2 	 55 	 6 	 61
3 	 165 	 18 	 31
4 	 159 	 15 	 108
5 	 225 	 24 	 74
1 	 299 	 23 	 63
2 	 159 	 21 	 153
3 	 53 	 12 	 130
5 	 303 	 16 	 157
1 	 117 	 7 	 32
2 	 83 	 11 	 156
3 	 125 	 8 	 118
4 	 6 	 1 	 0
5 	 301 	 15 	 52
1 	 211 	 13 	 120
2 	 115 	 25 	 41
3 	 283 	 36 	 128
4 	 45 	 4 	 120
5 	 239 	 19 	 68
2 	 133 	 11 	 96
3 	 169 	 2 	 121
4 	 61 	 5 	 150
5 	 81 	 10 	 93
1 	 55 	 6 	 68
2 	 193 	 16 	 9
3 	 283 	 16 	 86
4 	 47 	 5 	 75
5 	 19 	 6 	 124
1 	 95 	 10 	 158
2 	 253 	 14 	 53
3 	 97 	 9 	 19
4 	 153 	 17 	 106
5 	 53 	 6 	 77
1 	 131 	 12 	 107
2 	 191 	 15 	 141
3 	 185 	 11 	 4
4 	 277 	 19 	 12
5 	 309 	 20 	 126
2 	 187 	 19 	 26
3 	 165 	 17 	 57
4 	 255 	 16 	 70
5 	 49 	 4 	 18
1 	 309 	 28 	 89
2 	 185 	 18 	 7
3 	 115 	 17 	 2
4 	 263 	 24 	 106
5 	 189 	 18 	 57
1 	 69 	 7 	 10
2 	 305 	 23 	 39
3 	 13 	 1 	 71
4 	 125 	 15 	 33
5 	 39 	 7 	 38
1 	 23 	 4 	 107
2 	 47 	 5 	 82
3 	 167 	 12 	 49
4 	 7 	 1 	 39
5 	 107 	 18 	 101
1 	 101 	 7 	 105
2 	 251 	 17 	 167
3 	 37 	 7 	 73
4 	 131 	 14 	 142
5 	 143 	 19 	 162
1 	 151 	 8 	 156
2 	 9 	 1 	 85
3 	 271 	 19 	 159
4 	 113 	 13 	 4
5 	 9 	 1 	 107
1 	 35 	 3 	 5
2 	 11 	 2 	 118
3 	 193 	 13 	 145
4 	 307 	 22 	 73
5 	 276 	 13 	 88
1 	 115 	 12 	 123
2 	 35 	 6 	 153
3 	 271 	 19 	 76
4 	 204 	 20 	 99
5 	 141 	 15 	 30
1 	 33 	 7 	 44
2 	 309 	 27 	 2
3 	 85 	 19 	 124
4 	 285 	 19 	 9
5 	 113 	 12 	 82
1 	 127 	 10 	 160
2 	 76 	 6 	 38
3 	 43 	 7 	 99
4 	 31 	 8 	 127
5 	 211 	 18 	 116
1 	 51 	 6 	 124
2 	 325 	 20 	 62
3 	 235 	 19 	 93
4 	 83 	 11 	 91
5 	 61 	 10 	 61
1 	 165 	 11 	 130
2 	 75 	 13 	 155
3 	 121 	 13 	 96
4 	 133 	 13 	 3
5 	 63 	 10 	 61
1 	 85 	 13 	 85
2 	 133 	 11 	 13
3 	 173 	 11 	 92
4 	 131 	 11 	 141
5 	 61 	 6 	 151
1 	 49 	 7 	 26
2 	 183 	 18 	 22
3 	 217 	 12 	 65
4 	 81 	 12 	 61
5 	 197 	 16 	 85
1 	 261 	 16 	 90
2 	 273 	 19 	 128
3 	 73 	 9 	 116
4 	 57 	 8 	 29
5 	 271 	 15 	 75
2 	 109 	 13 	 148
3 	 235 	 18 	 113
4 	 57 	 7 	 8
5 	 131 	 15 	 37
1 	 21 	 3 	 33
3 	 236 	 17 	 84
4 	 71 	 15 	 101
5 	 105 	 13 	 25
1 	 168 	 11 	 68
2 	 181 	 15 	 55
3 	 149 	 19 	 56
4 	 61 	 6 	 18
5 	 53 	 5 	 110
1 	 219 	 17 	 127
2 	 45 	 6 	 91
3 	 151 	 13 	 140
4 	 320 	 22 	 124
5 	 153 	 22 	 99
1 	 141 	 10 	 4
2 	 255 	 21 	 64
3 	 200 	 18 	 146
4 	 127 	 20 	 89
5 	 109 	 10 	 161
1 	 192 	 15 	 129
2 	 45 	 10 	 166
3 	 217 	 16 	 119
4 	 77 	 10 	 163
5 	 275 	 14 	 107
1 	 65 	 6 	 43
2 	 303 	 20 	 105
3 	 113 	 17 	 36
4 	 81 	 13 	 77
5 	 51 	 6 	 16
1 	 105 	 7 	 6
2 	 159 	 10 	 65
3 	 133 	 10 	 72
4 	 25 	 4 	 94
5 	 95 	 10 	 128
1 	 47 	 5 	 60
2 	 157 	 13 	 91
3 	 15 	 2 	 117
4 	 207 	 13 	 133
5 	 111 	 10 	 55
1 	 283 	 13 	 84
2 	 179 	 20 	 97
3 	 101 	 14 	 83
4 	 91 	 10 	 105
5 	 29 	 4 	 126
1 	 25 	 3 	 95
2 	 291 	 13 	 36
3 	 61 	 6 	 141
4 	 197 	 18 	 68
5 	 181 	 19 	 69
1 	 269 	 27 	 70
2 	 159 	 11 	 42
3 	 49 	 3 	 80
4 	 165 	 18 	 52
5 	 229 	 17 	 104
1 	 171 	 18 	 13
2 	 253 	 23 	 129
3 	 205 	 22 	 110
4 	 213 	 29 	 117
5 	 89 	 18 	 140
1 	 91 	 9 	 38
2 	 259 	 15 	 28
3 	 249 	 17 	 76
4 	 169 	 14 	 110
5 	 109 	 15 	 108
1 	 59 	 4 	 95
2 	 213 	 12 	 155
3 	 85 	 6 	 143
4 	 51 	 7 	 118
5 	 163 	 17 	 126
1 	 157 	 15 	 107
2 	 159 	 18 	 40
3 	 219 	 10 	 18
4 	 25 	 4 	 12
5 	 67 	 11 	 30
1 	 123 	 10 	 121
2 	 135 	 11 	 68
3 	 163 	 15 	 113
4 	 107 	 12 	 9
5 	 165 	 19 	 14
1 	 213 	 14 	 16
2 	 217 	 13 	 46
3 	 45 	 5 	 112
4 	 67 	 7 	 144
5 	 59 	 6 	 94
1 	 59 	 10 	 41
2 	 263 	 17 	 77
3 	 165 	 17 	 154
4 	 163 	 18 	 20
5 	 161 	 21 	 136
1 	 117 	 11 	 109
2 	 17 	 3 	 118
3 	 231 	 12 	 41
4 	 234 	 20 	 107
5 	 131 	 10 	 36
1 	 71 	 8 	 33
2 	 136 	 9 	 2
3 	 147 	 11 	 118
4 	 135 	 18 	 53
5 	 37 	 7 	 151
1 	 109 	 12 	 7
2 	 120 	 10 	 35
3 	 289 	 18 	 144
4 	 229 	 18 	 63
5 	 175 	 11 	 133
1 	 317 	 24 	 139
2 	 7 	 1 	 74
3 	 163 	 15 	 80
4 	 229 	 21 	 108
5 	 159 	 15 	 129
1 	 265 	 15 	 102
2 	 103 	 11 	 161
3 	 209 	 15 	 53
4 	 105 	 8 	 108
5 	 249 	 22 	 30
1 	 261 	 13 	 133
2 	 93 	 14 	 120
3 	 41 	 6 	 80
4 	 285 	 20 	 44
5 	 253 	 15 	 20
1 	 267 	 13 	 108
2 	 191 	 14 	 13
3 	 315 	 19 	 111
4 	 157 	 17 	 152
5 	 195 	 20 	 42
1 	 213 	 11 	 99
2 	 211 	 16 	 103
3 	 311 	 20 	 44
4 	 79 	 10 	 104
5 	 175 	 14 	 88
1 	 167 	 17 	 4
2 	 55 	 15 	 54
3 	 65 	 8 	 89
4 	 131 	 13 	 157
5 	 287 	 15 	 19
1 	 79 	 5 	 18
3 	 45 	 5 	 23
4 	 203 	 15 	 4
5 	 163 	 17 	 140
1 	 271 	 24 	 50
2 	 298 	 20 	 88
3 	 275 	 25 	 23
4 	 21 	 3 	 82
5 	 103 	 16 	 79
1 	 323 	 31 	 151
2 	 309 	 27 	 151
3 	 203 	 14 	 54
4 	 269 	 21 	 47
5 	 111 	 13 	 157
1 	 323 	 25 	 134
2 	 97 	 18 	 159
3 	 315 	 18 	 106
4 	 317 	 24 	 40
5 	 149 	 9 	 59
1 	 93 	 9 	 109
2 	 237 	 12 	 72
3 	 123 	 13 	 56
4 	 147 	 15 	 48
5 	 105 	 10 	 106
1 	 27 	 5 	 21
2 	 19 	 2 	 121
3 	 83 	 11 	 6
4 	 109 	 8 	 9
5 	 37 	 6 	 3
1 	 219 	 21 	 72
3 	 211 	 22 	 47
4 	 95 	 22 	 26
5 	 171 	 19 	 29
1 	 25 	 3 	 33
2 	 93 	 6 	 109
3 	 67 	 5 	 103
4 	 213 	 14 	 128
5 	 287 	 19 	 72
1 	 79 	 10 	 120
2 	 267 	 18 	 99
3 	 25 	 3 	 11
4 	 137 	 8 	 16
5 	 155 	 11 	 75
1 	 251 	 16 	 53
2 	 202 	 18 	 92
3 	 265 	 25 	 107
4 	 257 	 22 	 57
5 	 267 	 20 	 80
1 	 35 	 4 	 133
2 	 135 	 10 	 66
3 	 169 	 14 	 27
4 	 25 	 6 	 159
5 	 155 	 12 	 64
1 	 19 	 5 	 63
2 	 203 	 21 	 138
3 	 239 	 31 	 152
4 	 267 	 32 	 32
5 	 193 	 17 	 139
1 	 105 	 18 	 16
2 	 249 	 21 	 43
4 	 239 	 38 	 88
5 	 297 	 27 	 51
1 	 37 	 4 	 2
2 	 87 	 13 	 138
3 	 147 	 13 	 43
4 	 219 	 17 	 51
5 	 257 	 23 	 156
1 	 91 	 15 	 42
2 	 221 	 20 	 120
3 	 101 	 20 	 127
4 	 195 	 15 	 41
5 	 217 	 20 	 157
1 	 167 	 21 	 35
2 	 107 	 10 	 42
3 	 273 	 27 	 3
4 	 75 	 9 	 17
5 	 161 	 21 	 108
1 	 25 	 3 	 55
2 	 311 	 16 	 51
3 	 256 	 12 	 35
4 	 69 	 7 	 73
5 	 153 	 15 	 11
1 	 139 	 8 	 140
2 	 127 	 12 	 117
3 	 29 	 3 	 39
4 	 31 	 6 	 66
5 	 235 	 14 	 7
1 	 143 	 12 	 112
2 	 131 	 11 	 123
3 	 127 	 11 	 124
4 	 47 	 3 	 32
5 	 59 	 6 	 96
1 	 25 	 3 	 61
2 	 81 	 13 	 33
3 	 73 	 8 	 65
5 	 323 	 24 	 164
1 	 147 	 15 	 153
2 	 273 	 24 	 113
3 	 43 	 5 	 149
4 	 89 	 19 	 144
5 	 193 	 15 	 130
1 	 31 	 4 	 127
3 	 111 	 11 	 8
4 	 13 	 1 	 131
5 	 23 	 3 	 116
1 	 71 	 5 	 94
2 	 41 	 5 	 140
3 	 329 	 20 	 117
4 	 159 	 11 	 60
5 	 51 	 5 	 86
1 	 263 	 20 	 19
2 	 247 	 14 	 132
3 	 117 	 19 	 100
4 	 83 	 14 	 80
5 	 333 	 24 	 118
1 	 271 	 26 	 99
2 	 151 	 15 	 125
5 	 41 	 4 	 106
1 	 11 	 1 	 95
2 	 110 	 7 	 147
3 	 207 	 15 	 30
4 	 19 	 2 	 43
5 	 89 	 11 	 125
1 	 23 	 2 	 39
2 	 241 	 19 	 118
3 	 25 	 5 	 136
4 	 31 	 5 	 87
5 	 249 	 26 	 60
1 	 147 	 8 	 21
2 	 269 	 11 	 101
3 	 73 	 7 	 11
4 	 15 	 2 	 89
5 	 147 	 13 	 14
1 	 167 	 12 	 138
2 	 73 	 7 	 87
3 	 269 	 16 	 14
4 	 215 	 12 	 28
5 	 59 	 9 	 91
1 	 135 	 15 	 62
2 	 15 	 2 	 67
3 	 251 	 19 	 11
4 	 43 	 6 	 147
5 	 263 	 17 	 81
1 	 59 	 4 	 16
2 	 325 	 19 	 104
3 	 94 	 11 	 70
4 	 111 	 11 	 21
5 	 151 	 13 	 69
1 	 135 	 6 	 83
2 	 145 	 12 	 162
3 	 47 	 8 	 67
4 	 163 	 15 	 132
5 	 23 	 4 	 37
1 	 139 	 7 	 48
2 	 129 	 9 	 13
3 	 55 	 7 	 44
4 	 53 	 5 	 161
5 	 193 	 16 	 72
1 	 129 	 10 	 68
2 	 293 	 17 	 56
3 	 173 	 10 	 106
4 	 57 	 5 	 113
5 	 3 	 1 	 0
1 	 111 	 12 	 81
2 	 217 	 11 	 131
3 	 34 	 1 	 98
4 	 39 	 5 	 99
5 	 49 	 7 	 77
1 	 317 	 27 	 37
2 	 5 	 1 	 135
3 	 99 	 14 	 68
4 	 189 	 20 	 163
5 	 116 	 11 	 28
1 	 117 	 13 	 49
2 	 187 	 12 	 149
3 	 99 	 10 	 53
4 	 227 	 22 	 10
5 	 197 	 31 	 155
1 	 157 	 10 	 131
2 	 11 	 1 	 54
3 	 225 	 16 	 115
4 	 119 	 12 	 19
5 	 266 	 16 	 40
1 	 225 	 19 	 131
2 	 129 	 9 	 64
3 	 85 	 10 	 105
4 	 99 	 19 	 157
5 	 207 	 18 	 63
1 	 136 	 10 	 149
2 	 201 	 14 	 111
3 	 205 	 19 	 149
4 	 11 	 1 	 100
5 	 149 	 13 	 30
1 	 133 	 12 	 6
2 	 223 	 23 	 9
3 	 281 	 18 	 47
4 	 19 	 2 	 162
5 	 85 	 7 	 134
1 	 171 	 18 	 63
2 	 251 	 22 	 135
3 	 289 	 33 	 128
4 	 71 	 11 	 39
5 	 181 	 17 	 145
1 	 59 	 5 	 157
2 	 35 	 5 	 134
3 	 11 	 1 	 52
4 	 139 	 8 	 138
5 	 89 	 9 	 15
1 	 59 	 6 	 133
2 	 109 	 10 	 116
3 	 147 	 12 	 130
4 	 55 	 8 	 28
5 	 241 	 20 	 53
1 	 147 	 10 	 10
2 	 331 	 22 	 102
3 	 99 	 16 	 96
4 	 225 	 16 	 166
5 	 87 	 10 	 88
1 	 296 	 22 	 56
2 	 87 	 12 	 11
3 	 11 	 2 	 112
4 	 75 	 16 	 35
5 	 193 	 10 	 149
1 	 29 	 3 	 133
2 	 97 	 12 	 5
3 	 261 	 19 	 117
4 	 147 	 15 	 25
5 	 45 	 5 	 152
1 	 49 	 4 	 161
2 	 61 	 5 	 10
3 	 167 	 11 	 155
4 	 237 	 14 	 143
5 	 69 	 12 	 137
1 	 145 	 11 	 25
2 	 305 	 19 	 106
3 	 181 	 7 	 143
4 	 11 	 1 	 41
5 	 25 	 8 	 135
1 	 285 	 20 	 124
2 	 295 	 21 	 77
3 	 27 	 2 	 10
4 	 251 	 18 	 7
5 	 51 	 5 	 76
1 	 87 	 8 	 2
2 	 233 	 19 	 113
3 	 29 	 3 	 151
4 	 21 	 7 	 91
5 	 235 	 16 	 15
1 	 57 	 6 	 23
2 	 299 	 32 	 3
3 	 181 	 12 	 10
4 	 61 	 12 	 7
5 	 292 	 26 	 90
1 	 43 	 8 	 92
2 	 238 	 19 	 132
3 	 33 	 9 	 23
4 	 173 	 9 	 36
5 	 43 	 6 	 4
2 	 121 	 20 	 94
3 	 243 	 14 	 134
4 	 143 	 14 	 93
5 	 182 	 9 	 43
1 	 123 	 14 	 92
2 	 249 	 11 	 4
3 	 199 	 13 	 124
4 	 105 	 18 	 40
5 	 125 	 11 	 61
1 	 43 	 7 	 68
2 	 39 	 3 	 49
3 	 91 	 7 	 55
4 	 129 	 13 	 139
5 	 199 	 17 	 107
1 	 199 	 29 	 23
2 	 195 	 18 	 156
3 	 203 	 33 	 67
4 	 23 	 7 	 51
5 	 77 	 8 	 94
1 	 267 	 17 	 58
2 	 223 	 13 	 127
4 	 131 	 14 	 44
5 	 77 	 8 	 76
1 	 205 	 21 	 83
2 	 53 	 6 	 34
4 	 115 	 8 	 130
5 	 95 	 11 	 16
1 	 217 	 16 	 128
2 	 52 	 4 	 102
3 	 101 	 10 	 17
4 	 169 	 15 	 97
5 	 59 	 8 	 161
1 	 263 	 15 	 90
2 	 41 	 3 	 141
3 	 217 	 15 	 21
4 	 169 	 5 	 42
5 	 161 	 13 	 137
1 	 291 	 30 	 76
2 	 298 	 30 	 160
3 	 335 	 26 	 136
4 	 187 	 13 	 159
5 	 335 	 29 	 21
1 	 207 	 19 	 113
2 	 107 	 16 	 104
3 	 25 	 3 	 161
4 	 243 	 21 	 129
5 	 85 	 12 	 18
1 	 37 	 3 	 96
2 	 107 	 13 	 59
3 	 217 	 14 	 92
4 	 221 	 15 	 126
5 	 111 	 11 	 7
1 	 290 	 20 	 17
3 	 296 	 19 	 47
4 	 49 	 6 	 119
5 	 105 	 9 	 51
1 	 255 	 19 	 32
2 	 235 	 14 	 159
3 	 27 	 3 	 155
4 	 79 	 8 	 152
5 	 9 	 1 	 70
1 	 187 	 11 	 151
2 	 289 	 13 	 43
3 	 39 	 3 	 66
4 	 45 	 14 	 8
5 	 41 	 8 	 35
1 	 101 	 10 	 94
2 	 79 	 7 	 42
3 	 29 	 4 	 40
4 	 221 	 14 	 87
5 	 91 	 8 	 83
1 	 31 	 3 	 57
2 	 145 	 20 	 56
3 	 279 	 19 	 83
4 	 137 	 20 	 102
5 	 165 	 15 	 123
1 	 195 	 16 	 140
2 	 159 	 13 	 43
3 	 111 	 9 	 111
4 	 261 	 19 	 166
5 	 283 	 23 	 104
1 	 173 	 27 	 137
2 	 25 	 4 	 104
3 	 83 	 23 	 129
4 	 247 	 32 	 121
5 	 79 	 16 	 105
1 	 11 	 3 	 121
2 	 231 	 14 	 67
3 	 19 	 6 	 100
4 	 165 	 19 	 94
5 	 317 	 22 	 49
1 	 229 	 15 	 53
2 	 287 	 17 	 26
3 	 155 	 15 	 27
4 	 43 	 5 	 138
5 	 172 	 6 	 58
1 	 229 	 14 	 48
2 	 25 	 3 	 21
3 	 240 	 14 	 90
4 	 33 	 8 	 28
5 	 67 	 13 	 57
1 	 165 	 21 	 51
2 	 61 	 5 	 143
3 	 269 	 21 	 24
4 	 285 	 14 	 32
5 	 141 	 11 	 14
1 	 183 	 21 	 77
2 	 45 	 5 	 47
3 	 257 	 18 	 30
4 	 85 	 9 	 40
5 	 67 	 5 	 19
1 	 11 	 1 	 50
2 	 145 	 10 	 161
3 	 148 	 4 	 40
5 	 81 	 17 	 51
1 	 259 	 19 	 43
2 	 229 	 18 	 41
3 	 41 	 7 	 65
4 	 271 	 18 	 111
5 	 133 	 12 	 120
1 	 242 	 19 	 117
2 	 279 	 31 	 8
3 	 171 	 14 	 102
4 	 75 	 9 	 52
5 	 183 	 21 	 51
1 	 171 	 10 	 116
2 	 103 	 9 	 71
3 	 59 	 8 	 170
4 	 187 	 14 	 70
5 	 217 	 13 	 137
1 	 107 	 9 	 29
2 	 61 	 5 	 54
3 	 15 	 2 	 83
4 	 155 	 13 	 141
5 	 61 	 6 	 89
1 	 95 	 9 	 51
2 	 121 	 12 	 43
3 	 221 	 9 	 104
4 	 281 	 20 	 92
5 	 194 	 9 	 125
1 	 21 	 4 	 8
2 	 173 	 10 	 46
3 	 103 	 15 	 117
4 	 161 	 17 	 102
5 	 309 	 25 	 69
1 	 207 	 12 	 48
2 	 3 	 1 	 56
3 	 211 	 13 	 7
4 	 293 	 17 	 23
1 	 185 	 12 	 38
2 	 323 	 27 	 78
3 	 57 	 5 	 52
4 	 69 	 13 	 107
5 	 223 	 19 	 66
1 	 293 	 19 	 43
2 	 47 	 6 	 134
3 	 9 	 2 	 135
4 	 132 	 10 	 65
5 	 127 	 12 	 73
1 	 131 	 11 	 96
2 	 195 	 14 	 146
3 	 109 	 13 	 59
4 	 159 	 13 	 93
5 	 309 	 19 	 140
1 	 141 	 8 	 43
2 	 19 	 2 	 115
3 	 67 	 12 	 111
4 	 67 	 5 	 81
5 	 237 	 10 	 12
1 	 57 	 5 	 14
2 	 293 	 19 	 40
3 	 9 	 2 	 85
4 	 69 	 8 	 43
5 	 89 	 15 	 33
1 	 115 	 8 	 163
2 	 199 	 16 	 100
3 	 171 	 13 	 151
4 	 152 	 3 	 167
5 	 213 	 23 	 35
1 	 123 	 18 	 128
2 	 189 	 19 	 26
3 	 301 	 20 	 54
4 	 185 	 29 	 3
5 	 27 	 3 	 154
1 	 292 	 13 	 63
2 	 49 	 4 	 147
3 	 43 	 4 	 100
4 	 75 	 10 	 69
5 	 191 	 11 	 77
1 	 69 	 10 	 116
2 	 75 	 8 	 122
3 	 305 	 16 	 17
4 	 293 	 17 	 147
5 	 81 	 9 	 105
1 	 125 	 14 	 41
2 	 247 	 16 	 95
3 	 265 	 15 	 117
4 	 307 	 26 	 148
5 	 31 	 4 	 77
1 	 73 	 6 	 3
2 	 201 	 11 	 98
3 	 121 	 16 	 159
4 	 19 	 5 	 83
2 	 435 	 27 	 85
3 	 211 	 30 	 149
4 	 235 	 29 	 65
5 	 131 	 20 	 7
2 	 59 	 8 	 53
3 	 43 	 5 	 34
4 	 33 	 2 	 14
5 	 77 	 16 	 78
1 	 321 	 27 	 2
2 	 139 	 15 	 31
3 	 39 	 5 	 74
4 	 183 	 22 	 42
5 	 271 	 19 	 59
1 	 5 	 1 	 0
2 	 195 	 14 	 50
3 	 53 	 6 	 143
4 	 127 	 17 	 78
5 	 133 	 8 	 99
1 	 131 	 17 	 155
2 	 285 	 15 	 92
3 	 159 	 17 	 94
4 	 125 	 18 	 48
5 	 81 	 11 	 81
1 	 225 	 10 	 65
2 	 23 	 4 	 16
3 	 49 	 7 	 100
4 	 25 	 5 	 88
5 	 191 	 14 	 121
1 	 169 	 12 	 143
2 	 43 	 8 	 50
3 	 235 	 19 	 88
4 	 185 	 8 	 113
5 	 5 	 1 	 0
1 	 73 	 6 	 77
2 	 189 	 12 	 4
3 	 69 	 10 	 3
4 	 167 	 14 	 96
5 	 207 	 15 	 19
1 	 187 	 9 	 98
2 	 265 	 20 	 155
3 	 297 	 16 	 31
4 	 53 	 8 	 131
5 	 73 	 10 	 141
1 	 97 	 10 	 119
2 	 15 	 3 	 94
3 	 43 	 6 	 22
4 	 35 	 4 	 119
5 	 103 	 10 	 121
