1 	 255 	 10 	 176
2 	 7 	 3 	 5
3 	 225 	 8 	 12
4 	 21 	 1 	 142
5 	 187 	 10 	 239
4 	 185 	 9 	 175
1 	 253 	 8 	 203
3 	 73 	 8 	 180
4 	 223 	 14 	 32
5 	 89 	 8 	 101
1 	 197 	 7 	 234
2 	 131 	 9 	 23
3 	 41 	 3 	 73
4 	 289 	 10 	 38
5 	 120 	 5 	 169
1 	 49 	 4 	 16
2 	 255 	 10 	 10
3 	 371 	 20 	 80
4 	 147 	 10 	 88
5 	 25 	 2 	 142
1 	 71 	 4 	 209
2 	 365 	 11 	 149
3 	 267 	 9 	 117
4 	 63 	 7 	 143
5 	 221 	 12 	 64
1 	 249 	 15 	 119
2 	 331 	 18 	 180
3 	 101 	 7 	 92
4 	 258 	 14 	 64
5 	 467 	 32 	 102
1 	 23 	 1 	 55
2 	 305 	 15 	 214
3 	 39 	 7 	 90
4 	 229 	 9 	 112
5 	 107 	 8 	 245
2 	 193 	 6 	 148
3 	 285 	 9 	 42
5 	 145 	 10 	 79
1 	 368 	 11 	 122
2 	 173 	 9 	 9
3 	 336 	 11 	 249
4 	 183 	 18 	 225
5 	 35 	 4 	 52
1 	 365 	 12 	 23
2 	 193 	 8 	 216
3 	 55 	 4 	 117
4 	 435 	 14 	 39
5 	 85 	 10 	 28
1 	 105 	 4 	 220
2 	 237 	 10 	 16
3 	 281 	 9 	 34
4 	 275 	 7 	 57
5 	 71 	 4 	 145
1 	 325 	 11 	 52
4 	 189 	 11 	 200
5 	 409 	 18 	 96
1 	 83 	 5 	 190
2 	 69 	 4 	 125
3 	 167 	 6 	 209
4 	 129 	 7 	 154
5 	 87 	 5 	 13
1 	 135 	 6 	 103
2 	 71 	 2 	 102
2 	 80 	 4 	 56
3 	 306 	 6 	 240
4 	 437 	 15 	 50
5 	 297 	 15 	 85
1 	 151 	 11 	 156
1 	 157 	 11 	 174
2 	 339 	 14 	 187
3 	 107 	 7 	 216
4 	 31 	 1 	 23
5 	 189 	 12 	 246
1 	 157 	 8 	 190
5 	 105 	 6 	 112
1 	 99 	 11 	 163
2 	 281 	 18 	 93
3 	 319 	 18 	 121
4 	 231 	 17 	 236
5 	 353 	 19 	 138
1 	 339 	 11 	 215
2 	 229 	 7 	 30
3 	 253 	 9 	 66
4 	 193 	 8 	 133
2 	 377 	 13 	 42
4 	 110 	 6 	 110
5 	 61 	 4 	 8
1 	 27 	 1 	 63
2 	 25 	 1 	 81
3 	 195 	 9 	 182
4 	 175 	 8 	 176
5 	 385 	 13 	 217
1 	 103 	 5 	 198
2 	 45 	 4 	 248
3 	 319 	 11 	 110
4 	 241 	 13 	 182
1 	 139 	 5 	 220
2 	 315 	 7 	 231
3 	 205 	 13 	 9
4 	 65 	 6 	 68
5 	 95 	 5 	 216
1 	 49 	 3 	 139
2 	 157 	 7 	 176
3 	 181 	 8 	 247
4 	 101 	 4 	 226
5 	 341 	 14 	 192
1 	 97 	 3 	 59
2 	 51 	 3 	 4
3 	 129 	 8 	 130
4 	 119 	 5 	 53
5 	 355 	 11 	 55
2 	 347 	 24 	 214
3 	 211 	 9 	 249
4 	 279 	 13 	 160
5 	 167 	 15 	 132
2 	 191 	 9 	 58
4 	 121 	 9 	 47
1 	 93 	 4 	 133
2 	 107 	 7 	 225
3 	 377 	 20 	 125
1 	 366 	 14 	 67
2 	 95 	 6 	 213
3 	 447 	 21 	 101
4 	 159 	 13 	 13
5 	 369 	 15 	 56
1 	 33 	 1 	 203
2 	 227 	 16 	 79
3 	 173 	 7 	 92
4 	 127 	 11 	 230
5 	 233 	 12 	 158
1 	 369 	 10 	 84
2 	 403 	 18 	 136
4 	 229 	 10 	 119
5 	 297 	 17 	 136
1 	 187 	 9 	 171
2 	 79 	 5 	 193
1 	 375 	 14 	 225
2 	 115 	 7 	 207
4 	 211 	 7 	 204
1 	 193 	 6 	 37
2 	 273 	 9 	 190
3 	 283 	 15 	 45
4 	 307 	 7 	 178
5 	 65 	 7 	 191
1 	 249 	 11 	 89
2 	 283 	 17 	 167
3 	 401 	 16 	 143
4 	 289 	 17 	 35
5 	 103 	 6 	 224
1 	 86 	 7 	 248
2 	 177 	 6 	 2
3 	 79 	 6 	 154
4 	 59 	 3 	 124
5 	 287 	 8 	 215
1 	 111 	 9 	 86
2 	 175 	 11 	 216
3 	 107 	 5 	 54
4 	 355 	 13 	 209
5 	 105 	 6 	 29
1 	 16 	 1 	 0
2 	 249 	 21 	 209
1 	 121 	 9 	 82
2 	 470 	 16 	 107
3 	 275 	 15 	 198
4 	 97 	 4 	 96
5 	 21 	 2 	 84
1 	 91 	 7 	 133
3 	 143 	 13 	 239
4 	 81 	 5 	 145
1 	 67 	 4 	 108
2 	 291 	 12 	 239
3 	 243 	 13 	 221
4 	 313 	 14 	 124
1 	 477 	 18 	 48
2 	 315 	 13 	 47
3 	 395 	 12 	 165
4 	 73 	 4 	 65
5 	 49 	 2 	 104
1 	 265 	 11 	 224
2 	 228 	 8 	 29
4 	 271 	 7 	 144
5 	 327 	 12 	 201
1 	 275 	 19 	 210
3 	 367 	 14 	 106
4 	 283 	 14 	 77
1 	 173 	 12 	 233
2 	 25 	 1 	 222
3 	 89 	 7 	 91
4 	 65 	 6 	 236
1 	 159 	 9 	 242
2 	 43 	 4 	 161
3 	 59 	 3 	 190
4 	 229 	 14 	 119
5 	 363 	 27 	 230
4 	 161 	 14 	 43
5 	 103 	 7 	 97
1 	 89 	 5 	 20
3 	 73 	 4 	 232
5 	 235 	 12 	 223
1 	 481 	 16 	 167
2 	 33 	 1 	 45
3 	 315 	 11 	 128
4 	 389 	 15 	 101
5 	 453 	 13 	 155
1 	 121 	 4 	 207
2 	 39 	 2 	 65
3 	 191 	 10 	 159
4 	 313 	 11 	 211
5 	 123 	 6 	 104
1 	 239 	 15 	 172
2 	 109 	 4 	 102
3 	 373 	 17 	 219
2 	 222 	 4 	 218
3 	 41 	 8 	 244
4 	 229 	 11 	 97
5 	 367 	 17 	 173
1 	 169 	 8 	 17
2 	 317 	 13 	 184
3 	 237 	 10 	 170
4 	 353 	 13 	 116
5 	 161 	 14 	 228
1 	 361 	 14 	 161
2 	 73 	 2 	 88
3 	 23 	 1 	 1
4 	 25 	 2 	 197
1 	 77 	 3 	 233
2 	 451 	 14 	 71
3 	 475 	 13 	 213
4 	 89 	 6 	 131
5 	 95 	 8 	 167
1 	 131 	 6 	 235
2 	 399 	 12 	 221
3 	 101 	 10 	 74
4 	 25 	 1 	 242
5 	 51 	 6 	 172
1 	 131 	 7 	 171
2 	 237 	 10 	 89
3 	 193 	 6 	 167
4 	 197 	 6 	 242
5 	 461 	 15 	 149
1 	 271 	 11 	 174
4 	 139 	 8 	 130
5 	 233 	 15 	 17
1 	 379 	 14 	 28
2 	 41 	 2 	 70
3 	 33 	 3 	 210
4 	 285 	 16 	 8
5 	 289 	 14 	 190
1 	 317 	 16 	 113
2 	 45 	 5 	 225
3 	 447 	 22 	 14
4 	 193 	 14 	 249
5 	 67 	 5 	 138
1 	 353 	 16 	 95
2 	 161 	 10 	 5
3 	 187 	 13 	 11
4 	 83 	 6 	 27
5 	 357 	 13 	 74
1 	 469 	 19 	 94
2 	 291 	 16 	 116
4 	 173 	 17 	 227
5 	 10 	 1 	 0
3 	 107 	 8 	 207
4 	 33 	 3 	 95
1 	 87 	 3 	 234
2 	 487 	 22 	 45
3 	 253 	 13 	 31
4 	 105 	 6 	 6
5 	 429 	 18 	 103
3 	 219 	 13 	 208
4 	 359 	 14 	 198
5 	 79 	 8 	 82
1 	 99 	 4 	 66
2 	 73 	 4 	 46
3 	 187 	 13 	 178
4 	 259 	 9 	 24
5 	 39 	 1 	 237
1 	 88 	 5 	 181
2 	 157 	 13 	 218
3 	 161 	 10 	 197
4 	 33 	 2 	 125
5 	 113 	 6 	 101
1 	 389 	 12 	 24
2 	 173 	 16 	 20
3 	 405 	 24 	 70
4 	 87 	 5 	 78
5 	 335 	 16 	 209
1 	 270 	 6 	 50
2 	 81 	 6 	 69
3 	 191 	 13 	 66
4 	 194 	 12 	 30
5 	 187 	 7 	 57
1 	 191 	 6 	 216
2 	 21 	 1 	 126
3 	 455 	 15 	 99
4 	 79 	 6 	 89
5 	 193 	 6 	 216
2 	 67 	 4 	 13
3 	 195 	 10 	 44
2 	 317 	 12 	 169
3 	 485 	 20 	 137
4 	 455 	 21 	 148
5 	 57 	 4 	 208
1 	 251 	 10 	 55
2 	 37 	 2 	 123
3 	 413 	 13 	 105
4 	 203 	 8 	 182
5 	 67 	 6 	 227
1 	 117 	 4 	 186
2 	 341 	 22 	 68
3 	 21 	 2 	 28
4 	 419 	 18 	 121
5 	 151 	 8 	 191
1 	 73 	 8 	 6
2 	 49 	 4 	 78
3 	 163 	 6 	 91
4 	 309 	 12 	 89
5 	 25 	 1 	 116
1 	 467 	 24 	 75
2 	 223 	 9 	 36
3 	 143 	 8 	 230
4 	 107 	 5 	 18
5 	 241 	 18 	 142
3 	 147 	 10 	 83
4 	 207 	 13 	 201
5 	 107 	 8 	 105
1 	 325 	 21 	 207
5 	 279 	 12 	 222
1 	 327 	 10 	 199
2 	 343 	 14 	 52
5 	 67 	 3 	 5
1 	 15 	 1 	 148
2 	 313 	 15 	 204
3 	 423 	 12 	 198
4 	 213 	 12 	 209
5 	 163 	 10 	 66
1 	 231 	 9 	 222
2 	 189 	 12 	 233
3 	 89 	 4 	 16
4 	 51 	 2 	 168
5 	 241 	 12 	 53
1 	 47 	 3 	 207
2 	 349 	 25 	 1
4 	 151 	 11 	 114
1 	 447 	 12 	 144
2 	 137 	 6 	 97
3 	 53 	 2 	 202
4 	 85 	 7 	 108
5 	 87 	 11 	 243
1 	 49 	 2 	 75
2 	 315 	 20 	 212
3 	 171 	 10 	 127
4 	 291 	 18 	 241
5 	 295 	 19 	 204
2 	 11 	 2 	 103
3 	 199 	 12 	 225
5 	 55 	 4 	 169
1 	 295 	 11 	 245
2 	 71 	 7 	 220
3 	 137 	 5 	 219
4 	 187 	 11 	 151
5 	 126 	 4 	 45
1 	 179 	 6 	 48
2 	 265 	 9 	 182
3 	 201 	 11 	 192
4 	 243 	 8 	 63
1 	 207 	 8 	 241
3 	 187 	 6 	 185
4 	 285 	 11 	 234
5 	 11 	 1 	 42
1 	 267 	 7 	 67
2 	 345 	 15 	 37
3 	 109 	 11 	 10
4 	 15 	 1 	 218
5 	 39 	 6 	 157
3 	 101 	 10 	 33
4 	 61 	 4 	 207
5 	 225 	 7 	 171
2 	 55 	 6 	 16
3 	 89 	 11 	 156
4 	 277 	 10 	 199
2 	 199 	 10 	 126
4 	 61 	 5 	 24
1 	 235 	 10 	 199
2 	 431 	 25 	 165
3 	 189 	 5 	 87
4 	 177 	 12 	 112
5 	 39 	 1 	 97
1 	 267 	 14 	 58
2 	 171 	 11 	 229
4 	 215 	 13 	 76
5 	 173 	 10 	 165
1 	 99 	 7 	 225
3 	 319 	 12 	 188
4 	 441 	 12 	 43
5 	 179 	 10 	 121
1 	 33 	 2 	 103
2 	 191 	 6 	 101
3 	 19 	 1 	 249
4 	 103 	 6 	 189
1 	 63 	 3 	 144
2 	 169 	 6 	 221
3 	 29 	 2 	 138
4 	 159 	 12 	 195
5 	 213 	 6 	 48
1 	 241 	 8 	 74
2 	 269 	 2 	 124
3 	 64 	 6 	 188
4 	 426 	 20 	 145
5 	 277 	 10 	 72
1 	 237 	 9 	 44
3 	 83 	 7 	 52
5 	 309 	 15 	 239
1 	 456 	 23 	 37
2 	 5 	 1 	 149
4 	 173 	 8 	 219
5 	 305 	 19 	 235
1 	 359 	 14 	 247
2 	 450 	 30 	 164
3 	 147 	 5 	 111
4 	 119 	 7 	 132
5 	 241 	 11 	 136
1 	 413 	 11 	 107
2 	 127 	 16 	 228
3 	 147 	 9 	 157
4 	 253 	 11 	 171
5 	 470 	 20 	 131
1 	 471 	 19 	 101
3 	 79 	 7 	 249
4 	 35 	 6 	 30
5 	 129 	 11 	 1
1 	 388 	 18 	 137
2 	 67 	 6 	 202
3 	 143 	 8 	 83
4 	 75 	 4 	 218
5 	 73 	 9 	 218
1 	 151 	 6 	 163
2 	 53 	 3 	 162
4 	 97 	 9 	 58
5 	 437 	 21 	 96
2 	 453 	 15 	 145
3 	 207 	 8 	 71
1 	 49 	 3 	 165
2 	 409 	 13 	 181
3 	 215 	 9 	 33
4 	 157 	 7 	 103
1 	 375 	 12 	 74
2 	 337 	 17 	 47
3 	 173 	 15 	 113
4 	 179 	 19 	 142
5 	 243 	 21 	 53
2 	 199 	 9 	 115
3 	 83 	 4 	 87
1 	 281 	 12 	 103
2 	 131 	 8 	 185
3 	 67 	 4 	 67
4 	 477 	 27 	 186
5 	 186 	 7 	 141
1 	 175 	 11 	 25
2 	 49 	 6 	 61
5 	 149 	 12 	 169
2 	 41 	 3 	 54
3 	 61 	 5 	 30
1 	 183 	 16 	 159
2 	 397 	 21 	 155
3 	 39 	 2 	 16
4 	 202 	 13 	 58
5 	 431 	 23 	 28
1 	 277 	 9 	 227
2 	 127 	 9 	 86
3 	 475 	 18 	 183
4 	 300 	 15 	 97
5 	 13 	 1 	 194
1 	 193 	 8 	 84
4 	 143 	 11 	 61
1 	 329 	 12 	 130
2 	 324 	 13 	 195
3 	 429 	 19 	 249
4 	 469 	 18 	 209
1 	 277 	 7 	 152
2 	 297 	 16 	 152
3 	 183 	 7 	 86
4 	 93 	 9 	 136
5 	 41 	 3 	 114
1 	 279 	 11 	 135
2 	 47 	 3 	 181
3 	 201 	 12 	 96
5 	 321 	 13 	 177
1 	 299 	 8 	 139
2 	 109 	 7 	 43
3 	 141 	 11 	 125
5 	 201 	 14 	 221
1 	 385 	 18 	 73
2 	 155 	 10 	 58
3 	 311 	 20 	 168
4 	 45 	 3 	 99
5 	 339 	 17 	 64
1 	 381 	 14 	 185
3 	 173 	 8 	 135
4 	 237 	 10 	 123
5 	 215 	 11 	 233
1 	 35 	 1 	 177
2 	 247 	 9 	 92
3 	 299 	 13 	 121
4 	 63 	 9 	 60
5 	 233 	 14 	 48
1 	 415 	 21 	 71
2 	 81 	 3 	 20
4 	 37 	 2 	 46
2 	 73 	 4 	 99
1 	 391 	 21 	 78
2 	 137 	 10 	 28
3 	 358 	 10 	 219
4 	 345 	 14 	 186
5 	 183 	 7 	 6
1 	 393 	 17 	 52
2 	 429 	 25 	 65
3 	 331 	 14 	 132
4 	 245 	 15 	 46
5 	 391 	 19 	 152
1 	 377 	 19 	 179
2 	 31 	 3 	 192
3 	 23 	 1 	 112
4 	 323 	 19 	 151
1 	 253 	 11 	 223
2 	 49 	 3 	 173
5 	 385 	 13 	 93
1 	 131 	 7 	 22
3 	 241 	 11 	 29
4 	 383 	 14 	 154
5 	 55 	 6 	 175
1 	 157 	 5 	 209
2 	 273 	 9 	 73
3 	 27 	 2 	 62
4 	 37 	 1 	 135
5 	 337 	 13 	 119
2 	 141 	 6 	 212
3 	 219 	 7 	 100
5 	 127 	 8 	 128
1 	 307 	 12 	 228
2 	 33 	 1 	 47
3 	 227 	 12 	 187
4 	 157 	 5 	 41
5 	 63 	 3 	 5
4 	 137 	 4 	 111
1 	 45 	 3 	 147
2 	 119 	 8 	 43
1 	 311 	 14 	 210
3 	 147 	 8 	 105
4 	 153 	 8 	 86
5 	 211 	 18 	 15
1 	 265 	 11 	 157
2 	 123 	 9 	 231
3 	 219 	 11 	 166
4 	 189 	 6 	 156
1 	 193 	 6 	 95
2 	 71 	 6 	 79
3 	 431 	 18 	 159
4 	 213 	 11 	 154
5 	 79 	 6 	 142
1 	 451 	 16 	 63
2 	 89 	 11 	 171
3 	 412 	 16 	 114
4 	 199 	 12 	 227
5 	 175 	 9 	 211
3 	 81 	 4 	 186
4 	 13 	 1 	 233
1 	 291 	 16 	 6
3 	 117 	 4 	 128
4 	 245 	 7 	 190
5 	 392 	 20 	 99
2 	 127 	 7 	 54
3 	 97 	 4 	 45
4 	 226 	 4 	 238
1 	 389 	 13 	 49
2 	 27 	 2 	 175
3 	 313 	 13 	 12
1 	 107 	 5 	 45
2 	 39 	 1 	 62
5 	 31 	 2 	 224
1 	 195 	 9 	 40
2 	 55 	 3 	 91
3 	 63 	 6 	 178
4 	 203 	 12 	 97
5 	 445 	 12 	 201
1 	 367 	 14 	 220
2 	 79 	 4 	 70
3 	 29 	 1 	 44
4 	 105 	 4 	 11
5 	 35 	 2 	 233
2 	 289 	 20 	 151
5 	 283 	 10 	 193
1 	 311 	 11 	 158
3 	 37 	 2 	 176
4 	 197 	 18 	 137
5 	 95 	 8 	 52
1 	 438 	 32 	 154
2 	 120 	 9 	 180
3 	 109 	 15 	 209
4 	 21 	 2 	 183
5 	 269 	 18 	 126
1 	 37 	 2 	 124
2 	 159 	 8 	 214
3 	 487 	 29 	 43
4 	 191 	 9 	 97
5 	 37 	 2 	 59
1 	 371 	 11 	 232
2 	 93 	 5 	 129
4 	 485 	 21 	 175
5 	 323 	 16 	 90
1 	 407 	 20 	 44
2 	 131 	 12 	 107
3 	 219 	 12 	 238
4 	 131 	 11 	 247
5 	 293 	 11 	 111
1 	 161 	 12 	 187
4 	 41 	 7 	 75
1 	 97 	 4 	 189
2 	 21 	 3 	 236
3 	 319 	 17 	 72
4 	 413 	 17 	 6
2 	 193 	 10 	 130
3 	 115 	 7 	 23
4 	 336 	 10 	 179
5 	 299 	 15 	 128
1 	 171 	 7 	 149
2 	 77 	 5 	 209
3 	 185 	 12 	 237
4 	 61 	 2 	 151
1 	 141 	 6 	 131
2 	 379 	 16 	 126
3 	 15 	 1 	 150
4 	 43 	 4 	 54
5 	 223 	 12 	 237
1 	 133 	 4 	 163
2 	 199 	 7 	 5
4 	 37 	 2 	 118
5 	 133 	 10 	 161
1 	 216 	 1 	 17
2 	 187 	 9 	 73
3 	 315 	 14 	 118
4 	 352 	 15 	 31
5 	 379 	 12 	 19
1 	 339 	 14 	 207
2 	 101 	 9 	 240
3 	 147 	 11 	 13
4 	 13 	 1 	 132
5 	 271 	 11 	 215
1 	 425 	 29 	 143
2 	 111 	 7 	 196
3 	 252 	 17 	 174
4 	 33 	 3 	 119
5 	 339 	 19 	 44
1 	 333 	 11 	 212
2 	 375 	 15 	 217
3 	 55 	 6 	 100
5 	 79 	 6 	 195
1 	 25 	 3 	 181
2 	 173 	 6 	 163
3 	 99 	 7 	 21
4 	 215 	 14 	 236
5 	 129 	 8 	 213
1 	 271 	 9 	 161
2 	 463 	 19 	 173
3 	 389 	 13 	 148
4 	 289 	 16 	 66
5 	 27 	 1 	 232
1 	 49 	 4 	 59
2 	 155 	 6 	 188
3 	 69 	 4 	 96
4 	 391 	 25 	 106
5 	 177 	 6 	 125
2 	 263 	 10 	 228
3 	 59 	 7 	 53
4 	 346 	 15 	 162
5 	 263 	 14 	 122
1 	 317 	 12 	 14
2 	 107 	 5 	 35
3 	 151 	 7 	 180
4 	 85 	 9 	 223
5 	 135 	 8 	 15
1 	 249 	 10 	 211
3 	 321 	 11 	 56
4 	 111 	 5 	 94
1 	 45 	 3 	 19
2 	 287 	 13 	 6
3 	 231 	 9 	 66
4 	 159 	 13 	 42
1 	 195 	 8 	 98
2 	 253 	 11 	 105
4 	 13 	 1 	 97
5 	 329 	 16 	 71
3 	 243 	 15 	 226
4 	 101 	 6 	 89
1 	 293 	 16 	 158
3 	 51 	 3 	 101
5 	 91 	 6 	 144
1 	 15 	 1 	 191
3 	 233 	 13 	 129
4 	 87 	 5 	 22
1 	 81 	 5 	 140
3 	 173 	 12 	 61
5 	 163 	 7 	 140
1 	 255 	 12 	 226
2 	 185 	 7 	 202
4 	 295 	 12 	 208
5 	 267 	 12 	 45
1 	 21 	 1 	 66
3 	 434 	 17 	 191
4 	 301 	 12 	 100
5 	 11 	 1 	 93
1 	 435 	 19 	 218
2 	 63 	 2 	 155
3 	 109 	 4 	 76
4 	 119 	 7 	 112
5 	 143 	 8 	 218
1 	 289 	 25 	 237
2 	 19 	 1 	 241
3 	 321 	 12 	 16
5 	 496 	 20 	 141
1 	 51 	 3 	 249
2 	 25 	 2 	 150
3 	 9 	 1 	 86
4 	 287 	 10 	 74
1 	 124 	 5 	 69
2 	 181 	 12 	 141
3 	 195 	 9 	 27
4 	 49 	 2 	 3
1 	 203 	 13 	 5
2 	 109 	 7 	 187
3 	 313 	 18 	 104
4 	 115 	 10 	 155
5 	 327 	 13 	 54
1 	 55 	 5 	 218
3 	 255 	 13 	 37
4 	 365 	 18 	 92
5 	 275 	 17 	 240
1 	 281 	 12 	 47
2 	 229 	 11 	 170
3 	 191 	 18 	 188
4 	 241 	 13 	 146
5 	 387 	 16 	 205
1 	 221 	 10 	 90
2 	 393 	 12 	 2
3 	 258 	 9 	 229
4 	 249 	 12 	 98
5 	 139 	 6 	 54
1 	 302 	 8 	 13
2 	 45 	 8 	 18
3 	 239 	 10 	 8
4 	 109 	 4 	 174
5 	 269 	 22 	 192
1 	 419 	 21 	 169
2 	 341 	 13 	 27
3 	 95 	 5 	 147
4 	 285 	 15 	 238
5 	 61 	 6 	 85
1 	 321 	 19 	 70
2 	 93 	 8 	 41
3 	 329 	 22 	 202
4 	 181 	 11 	 156
5 	 325 	 24 	 180
1 	 391 	 14 	 84
2 	 73 	 8 	 146
3 	 363 	 17 	 58
4 	 129 	 6 	 180
5 	 473 	 25 	 176
2 	 185 	 14 	 43
5 	 19 	 1 	 77
1 	 75 	 4 	 225
2 	 293 	 8 	 181
3 	 211 	 8 	 242
4 	 255 	 13 	 177
5 	 349 	 11 	 64
1 	 69 	 3 	 10
2 	 227 	 10 	 8
3 	 323 	 21 	 192
4 	 341 	 17 	 3
5 	 89 	 9 	 62
1 	 111 	 7 	 199
2 	 317 	 17 	 73
3 	 177 	 14 	 68
4 	 222 	 5 	 58
5 	 213 	 13 	 172
1 	 153 	 11 	 194
2 	 271 	 13 	 164
4 	 107 	 4 	 100
1 	 93 	 5 	 32
2 	 409 	 10 	 89
3 	 241 	 11 	 72
4 	 67 	 7 	 15
5 	 365 	 10 	 163
1 	 65 	 4 	 144
2 	 241 	 15 	 177
3 	 89 	 5 	 163
4 	 235 	 12 	 28
5 	 463 	 16 	 181
1 	 255 	 9 	 221
2 	 205 	 6 	 203
3 	 245 	 17 	 177
4 	 71 	 4 	 202
5 	 153 	 11 	 173
1 	 39 	 1 	 194
2 	 89 	 4 	 184
3 	 19 	 1 	 112
4 	 21 	 1 	 84
5 	 91 	 7 	 64
1 	 335 	 10 	 190
3 	 198 	 7 	 6
5 	 39 	 2 	 95
1 	 185 	 6 	 71
2 	 320 	 9 	 70
5 	 351 	 12 	 27
1 	 283 	 11 	 141
2 	 333 	 10 	 200
3 	 29 	 1 	 51
4 	 333 	 17 	 18
5 	 285 	 9 	 184
1 	 51 	 3 	 244
2 	 267 	 16 	 184
3 	 183 	 10 	 48
4 	 441 	 24 	 183
5 	 123 	 9 	 1
1 	 317 	 19 	 215
2 	 267 	 15 	 117
3 	 119 	 10 	 63
4 	 63 	 6 	 79
5 	 91 	 9 	 243
1 	 101 	 5 	 107
3 	 413 	 29 	 52
4 	 323 	 21 	 28
5 	 397 	 26 	 180
2 	 253 	 18 	 158
4 	 167 	 8 	 71
5 	 181 	 12 	 163
1 	 339 	 11 	 155
2 	 75 	 5 	 91
3 	 367 	 18 	 123
4 	 287 	 16 	 184
5 	 147 	 11 	 154
1 	 182 	 7 	 163
2 	 91 	 4 	 167
3 	 197 	 9 	 40
1 	 28 	 1 	 235
2 	 109 	 6 	 44
3 	 191 	 7 	 189
4 	 45 	 3 	 184
1 	 319 	 19 	 133
2 	 61 	 4 	 57
3 	 135 	 8 	 21
4 	 487 	 20 	 26
5 	 301 	 14 	 185
1 	 473 	 17 	 79
2 	 97 	 6 	 194
3 	 249 	 12 	 174
4 	 371 	 19 	 108
5 	 107 	 8 	 172
1 	 451 	 18 	 27
2 	 304 	 14 	 161
3 	 21 	 1 	 131
4 	 137 	 10 	 45
5 	 191 	 8 	 195
1 	 321 	 14 	 186
2 	 165 	 17 	 71
3 	 121 	 10 	 172
4 	 31 	 1 	 48
5 	 179 	 6 	 211
1 	 15 	 1 	 0
2 	 65 	 3 	 12
5 	 193 	 9 	 107
1 	 197 	 7 	 28
2 	 307 	 12 	 246
3 	 137 	 7 	 236
4 	 113 	 10 	 59
5 	 479 	 15 	 158
1 	 195 	 8 	 177
2 	 243 	 19 	 220
3 	 379 	 25 	 49
4 	 111 	 6 	 206
5 	 225 	 19 	 140
1 	 277 	 8 	 29
3 	 400 	 13 	 169
4 	 21 	 1 	 103
5 	 221 	 9 	 79
5 	 65 	 3 	 96
1 	 353 	 19 	 72
2 	 411 	 14 	 65
3 	 127 	 7 	 208
4 	 27 	 2 	 48
5 	 65 	 7 	 57
1 	 25 	 2 	 188
2 	 319 	 11 	 107
3 	 143 	 9 	 175
4 	 141 	 8 	 131
5 	 389 	 23 	 85
1 	 221 	 11 	 215
2 	 93 	 4 	 247
3 	 169 	 12 	 162
4 	 203 	 9 	 55
5 	 137 	 9 	 8
4 	 117 	 9 	 224
2 	 155 	 11 	 192
5 	 29 	 1 	 56
1 	 171 	 9 	 211
2 	 239 	 9 	 158
3 	 87 	 5 	 114
4 	 323 	 17 	 248
5 	 115 	 13 	 177
1 	 109 	 6 	 80
4 	 173 	 8 	 108
5 	 239 	 14 	 35
1 	 211 	 8 	 68
2 	 211 	 8 	 91
3 	 103 	 10 	 85
5 	 326 	 13 	 196
1 	 349 	 17 	 48
2 	 217 	 12 	 198
3 	 57 	 2 	 93
4 	 171 	 17 	 61
5 	 227 	 10 	 26
4 	 105 	 8 	 107
5 	 129 	 7 	 246
1 	 318 	 18 	 182
2 	 171 	 21 	 102
4 	 25 	 1 	 4
5 	 142 	 9 	 216
2 	 183 	 5 	 3
3 	 121 	 12 	 128
4 	 37 	 4 	 27
5 	 93 	 8 	 122
1 	 53 	 3 	 208
2 	 37 	 6 	 230
3 	 245 	 10 	 4
4 	 87 	 9 	 236
5 	 222 	 4 	 180
1 	 147 	 14 	 129
2 	 107 	 10 	 185
3 	 259 	 17 	 115
4 	 231 	 20 	 88
5 	 31 	 1 	 11
1 	 189 	 10 	 117
2 	 7 	 1 	 238
3 	 145 	 7 	 68
4 	 115 	 8 	 182
5 	 181 	 12 	 240
1 	 287 	 15 	 220
4 	 33 	 1 	 33
5 	 187 	 11 	 224
1 	 143 	 9 	 235
2 	 93 	 4 	 39
5 	 381 	 13 	 217
1 	 251 	 8 	 29
3 	 367 	 12 	 22
5 	 224 	 10 	 189
1 	 33 	 2 	 133
2 	 57 	 4 	 211
5 	 29 	 4 	 197
1 	 159 	 7 	 200
1 	 361 	 11 	 94
2 	 455 	 15 	 33
3 	 247 	 11 	 231
4 	 225 	 12 	 114
5 	 121 	 5 	 249
1 	 21 	 2 	 139
2 	 431 	 16 	 64
3 	 118 	 5 	 56
4 	 339 	 9 	 223
5 	 181 	 10 	 51
1 	 111 	 4 	 113
2 	 179 	 9 	 105
3 	 239 	 12 	 221
4 	 113 	 10 	 78
1 	 297 	 8 	 45
2 	 437 	 16 	 209
3 	 117 	 6 	 18
4 	 171 	 9 	 66
5 	 239 	 9 	 136
1 	 113 	 10 	 41
2 	 241 	 12 	 77
1 	 193 	 11 	 2
2 	 33 	 1 	 74
1 	 261 	 8 	 87
2 	 63 	 3 	 70
4 	 307 	 16 	 13
5 	 161 	 7 	 37
1 	 429 	 28 	 72
2 	 249 	 16 	 78
3 	 77 	 7 	 233
4 	 257 	 19 	 167
5 	 255 	 12 	 239
1 	 137 	 12 	 145
2 	 221 	 17 	 154
3 	 101 	 6 	 74
4 	 295 	 17 	 100
5 	 77 	 5 	 182
1 	 363 	 21 	 95
2 	 237 	 7 	 99
3 	 183 	 17 	 28
4 	 287 	 14 	 63
5 	 303 	 12 	 59
1 	 183 	 7 	 104
2 	 313 	 14 	 15
3 	 93 	 6 	 76
4 	 151 	 8 	 220
5 	 47 	 4 	 14
2 	 37 	 1 	 241
3 	 89 	 5 	 222
4 	 97 	 7 	 148
5 	 57 	 9 	 138
1 	 219 	 18 	 89
2 	 237 	 17 	 1
3 	 136 	 13 	 198
4 	 417 	 25 	 66
5 	 381 	 23 	 195
1 	 175 	 9 	 5
2 	 153 	 15 	 20
3 	 201 	 9 	 223
4 	 393 	 14 	 179
5 	 95 	 6 	 1
1 	 355 	 19 	 230
2 	 419 	 26 	 244
3 	 87 	 6 	 21
4 	 119 	 7 	 93
5 	 127 	 8 	 152
1 	 255 	 2 	 22
2 	 247 	 11 	 113
3 	 49 	 3 	 201
4 	 150 	 7 	 198
5 	 137 	 7 	 218
1 	 175 	 9 	 94
2 	 31 	 1 	 69
4 	 476 	 35 	 249
5 	 435 	 16 	 217
1 	 131 	 5 	 53
2 	 57 	 2 	 182
3 	 223 	 10 	 184
4 	 363 	 18 	 186
1 	 71 	 3 	 40
2 	 325 	 13 	 243
3 	 55 	 9 	 109
4 	 481 	 23 	 23
5 	 221 	 14 	 149
1 	 221 	 17 	 107
5 	 49 	 1 	 42
3 	 63 	 5 	 98
5 	 17 	 1 	 58
1 	 95 	 3 	 106
2 	 191 	 10 	 106
3 	 281 	 23 	 38
4 	 259 	 12 	 215
5 	 145 	 9 	 248
1 	 151 	 13 	 212
2 	 169 	 7 	 147
3 	 23 	 2 	 73
4 	 229 	 7 	 49
5 	 59 	 3 	 148
1 	 315 	 11 	 194
2 	 365 	 10 	 34
3 	 185 	 8 	 31
4 	 13 	 1 	 34
5 	 261 	 3 	 46
1 	 59 	 4 	 9
3 	 159 	 11 	 181
4 	 221 	 11 	 151
1 	 159 	 5 	 5
2 	 31 	 2 	 16
3 	 99 	 6 	 108
4 	 191 	 10 	 136
5 	 101 	 4 	 7
1 	 25 	 1 	 196
2 	 79 	 3 	 69
4 	 55 	 8 	 100
5 	 141 	 8 	 4
1 	 273 	 12 	 197
2 	 187 	 5 	 70
3 	 115 	 6 	 166
4 	 121 	 7 	 210
5 	 453 	 23 	 79
1 	 284 	 9 	 23
2 	 131 	 10 	 208
3 	 435 	 22 	 190
4 	 65 	 6 	 87
5 	 43 	 1 	 69
1 	 363 	 16 	 240
2 	 45 	 5 	 228
3 	 481 	 23 	 133
4 	 11 	 1 	 239
5 	 129 	 12 	 235
1 	 415 	 15 	 54
2 	 127 	 11 	 49
4 	 315 	 25 	 197
5 	 199 	 14 	 47
2 	 423 	 26 	 15
3 	 115 	 7 	 17
4 	 347 	 17 	 191
5 	 189 	 13 	 29
1 	 360 	 16 	 85
2 	 451 	 16 	 134
3 	 105 	 8 	 84
4 	 257 	 11 	 143
5 	 359 	 14 	 103
1 	 259 	 10 	 11
2 	 253 	 18 	 31
3 	 51 	 8 	 79
5 	 379 	 14 	 245
1 	 111 	 4 	 156
2 	 311 	 13 	 134
3 	 189 	 14 	 166
3 	 191 	 7 	 39
1 	 307 	 12 	 16
2 	 187 	 11 	 21
3 	 51 	 3 	 178
4 	 195 	 10 	 233
5 	 311 	 15 	 63
2 	 133 	 12 	 153
4 	 139 	 7 	 5
1 	 287 	 9 	 44
2 	 186 	 6 	 186
3 	 317 	 13 	 54
4 	 243 	 11 	 246
5 	 167 	 12 	 154
1 	 99 	 4 	 249
2 	 375 	 15 	 90
3 	 9 	 1 	 2
4 	 37 	 2 	 144
5 	 147 	 6 	 83
1 	 137 	 14 	 136
2 	 189 	 7 	 122
3 	 367 	 12 	 239
4 	 189 	 10 	 40
5 	 97 	 7 	 111
1 	 387 	 15 	 33
2 	 357 	 12 	 43
3 	 261 	 10 	 119
4 	 465 	 18 	 86
5 	 151 	 13 	 62
1 	 373 	 25 	 99
2 	 179 	 7 	 74
3 	 321 	 15 	 213
4 	 107 	 6 	 101
5 	 217 	 13 	 70
1 	 319 	 16 	 146
2 	 367 	 14 	 67
3 	 241 	 14 	 192
4 	 169 	 8 	 89
5 	 345 	 19 	 132
1 	 445 	 29 	 227
2 	 247 	 11 	 18
3 	 57 	 6 	 177
4 	 166 	 9 	 63
5 	 135 	 5 	 136
1 	 157 	 7 	 143
2 	 275 	 13 	 150
3 	 439 	 16 	 129
4 	 161 	 9 	 156
5 	 367 	 18 	 168
2 	 287 	 15 	 57
4 	 199 	 6 	 221
5 	 65 	 10 	 1
2 	 99 	 7 	 8
3 	 19 	 3 	 120
4 	 111 	 4 	 65
5 	 189 	 12 	 51
1 	 85 	 3 	 32
2 	 121 	 4 	 79
3 	 147 	 13 	 79
4 	 165 	 9 	 5
5 	 185 	 12 	 114
1 	 83 	 5 	 145
4 	 181 	 7 	 27
5 	 357 	 19 	 227
1 	 157 	 7 	 188
3 	 323 	 13 	 98
4 	 173 	 18 	 12
5 	 145 	 7 	 195
2 	 323 	 12 	 13
4 	 349 	 26 	 142
5 	 131 	 7 	 203
2 	 59 	 6 	 46
3 	 107 	 8 	 216
4 	 91 	 5 	 187
1 	 243 	 8 	 195
2 	 149 	 7 	 47
3 	 69 	 5 	 95
4 	 147 	 9 	 56
1 	 161 	 7 	 100
2 	 75 	 5 	 149
3 	 29 	 4 	 169
4 	 437 	 20 	 132
5 	 145 	 9 	 57
1 	 334 	 19 	 3
2 	 359 	 14 	 79
3 	 399 	 18 	 130
4 	 211 	 14 	 26
1 	 145 	 7 	 92
2 	 229 	 13 	 185
3 	 85 	 5 	 1
4 	 203 	 9 	 3
5 	 163 	 7 	 209
1 	 291 	 11 	 205
2 	 349 	 11 	 63
3 	 195 	 11 	 80
4 	 369 	 17 	 180
5 	 259 	 9 	 140
1 	 133 	 5 	 164
2 	 323 	 12 	 8
3 	 85 	 3 	 70
4 	 319 	 11 	 32
5 	 167 	 8 	 36
1 	 263 	 16 	 225
2 	 37 	 2 	 122
3 	 263 	 13 	 214
4 	 49 	 7 	 136
5 	 27 	 1 	 35
1 	 131 	 8 	 49
3 	 173 	 10 	 193
4 	 107 	 8 	 84
5 	 71 	 7 	 94
1 	 337 	 14 	 65
2 	 319 	 13 	 123
3 	 393 	 17 	 220
4 	 453 	 17 	 28
5 	 23 	 2 	 100
1 	 19 	 1 	 185
2 	 219 	 9 	 244
4 	 103 	 6 	 48
5 	 387 	 17 	 91
2 	 228 	 5 	 46
3 	 223 	 10 	 242
4 	 105 	 10 	 24
5 	 73 	 3 	 1
2 	 309 	 13 	 99
3 	 125 	 12 	 25
4 	 19 	 1 	 159
5 	 175 	 12 	 12
1 	 157 	 8 	 75
1 	 189 	 11 	 98
2 	 241 	 9 	 9
3 	 149 	 5 	 34
4 	 435 	 18 	 189
5 	 111 	 8 	 69
1 	 105 	 5 	 31
2 	 307 	 19 	 139
3 	 139 	 14 	 120
4 	 309 	 13 	 11
5 	 81 	 8 	 182
1 	 489 	 25 	 206
2 	 99 	 7 	 139
3 	 463 	 24 	 47
4 	 207 	 16 	 106
5 	 387 	 19 	 63
1 	 183 	 6 	 202
2 	 305 	 16 	 226
3 	 444 	 19 	 243
4 	 93 	 4 	 237
1 	 65 	 3 	 62
2 	 209 	 19 	 3
3 	 181 	 15 	 237
1 	 169 	 6 	 237
2 	 175 	 8 	 149
1 	 389 	 13 	 225
2 	 37 	 2 	 19
3 	 131 	 7 	 215
4 	 290 	 19 	 134
5 	 195 	 16 	 44
1 	 365 	 11 	 110
2 	 459 	 15 	 99
3 	 243 	 15 	 212
4 	 79 	 4 	 106
5 	 111 	 4 	 22
1 	 421 	 30 	 211
2 	 370 	 21 	 127
3 	 121 	 9 	 113
5 	 93 	 9 	 236
1 	 51 	 3 	 67
4 	 83 	 4 	 27
5 	 85 	 7 	 95
1 	 31 	 1 	 65
2 	 189 	 12 	 160
3 	 187 	 7 	 159
4 	 383 	 19 	 63
5 	 93 	 13 	 23
1 	 99 	 8 	 82
1 	 249 	 11 	 111
2 	 421 	 16 	 17
3 	 27 	 1 	 150
4 	 249 	 18 	 86
5 	 213 	 11 	 126
1 	 77 	 3 	 90
2 	 45 	 5 	 19
3 	 373 	 11 	 170
4 	 43 	 2 	 79
5 	 311 	 16 	 211
1 	 349 	 9 	 227
2 	 101 	 4 	 240
3 	 47 	 5 	 199
4 	 49 	 3 	 114
5 	 211 	 9 	 95
1 	 23 	 1 	 190
2 	 69 	 5 	 95
3 	 31 	 1 	 17
4 	 135 	 7 	 37
5 	 11 	 1 	 10
1 	 103 	 11 	 176
2 	 241 	 17 	 161
3 	 195 	 12 	 220
5 	 414 	 31 	 69
1 	 373 	 13 	 161
2 	 27 	 1 	 115
3 	 297 	 15 	 9
4 	 223 	 12 	 114
5 	 17 	 1 	 169
1 	 15 	 1 	 27
3 	 333 	 10 	 178
5 	 195 	 11 	 171
1 	 459 	 22 	 158
2 	 363 	 16 	 25
3 	 121 	 5 	 89
5 	 269 	 12 	 162
1 	 404 	 17 	 210
2 	 470 	 14 	 3
3 	 107 	 8 	 154
4 	 71 	 5 	 242
5 	 69 	 5 	 149
1 	 287 	 10 	 129
2 	 157 	 15 	 117
3 	 144 	 7 	 159
4 	 433 	 25 	 17
5 	 133 	 9 	 1
1 	 189 	 6 	 201
4 	 139 	 5 	 2
5 	 309 	 13 	 119
1 	 179 	 11 	 218
2 	 71 	 8 	 107
4 	 29 	 2 	 87
1 	 245 	 17 	 2
2 	 153 	 9 	 34
3 	 355 	 32 	 168
4 	 197 	 13 	 90
5 	 29 	 4 	 239
1 	 19 	 1 	 26
2 	 409 	 16 	 51
3 	 341 	 23 	 3
4 	 285 	 11 	 166
5 	 435 	 21 	 170
1 	 107 	 6 	 99
2 	 445 	 19 	 59
3 	 45 	 3 	 63
4 	 335 	 22 	 153
5 	 241 	 14 	 11
1 	 459 	 23 	 112
2 	 86 	 7 	 44
3 	 73 	 8 	 103
4 	 87 	 6 	 173
5 	 119 	 8 	 56
1 	 223 	 11 	 176
2 	 95 	 7 	 14
3 	 27 	 1 	 105
4 	 233 	 12 	 178
5 	 373 	 19 	 191
2 	 69 	 6 	 115
3 	 39 	 2 	 234
4 	 147 	 5 	 224
1 	 31 	 2 	 160
2 	 457 	 21 	 106
3 	 203 	 9 	 220
4 	 153 	 9 	 110
5 	 121 	 5 	 231
1 	 339 	 9 	 229
2 	 147 	 15 	 121
3 	 221 	 16 	 185
4 	 300 	 10 	 206
5 	 69 	 4 	 106
1 	 139 	 10 	 148
2 	 37 	 6 	 138
1 	 77 	 4 	 151
2 	 128 	 6 	 73
3 	 311 	 9 	 43
5 	 141 	 10 	 154
1 	 193 	 12 	 146
2 	 279 	 11 	 151
3 	 249 	 15 	 73
4 	 185 	 12 	 132
5 	 25 	 2 	 241
1 	 221 	 6 	 202
2 	 261 	 10 	 76
3 	 287 	 13 	 92
4 	 237 	 11 	 62
5 	 311 	 10 	 147
1 	 245 	 9 	 191
2 	 381 	 25 	 96
3 	 175 	 14 	 15
4 	 153 	 7 	 130
5 	 481 	 30 	 242
1 	 259 	 9 	 166
2 	 194 	 7 	 186
4 	 69 	 6 	 111
5 	 23 	 1 	 50
1 	 93 	 6 	 95
2 	 359 	 13 	 127
3 	 402 	 10 	 120
4 	 277 	 12 	 50
5 	 117 	 4 	 106
2 	 63 	 3 	 168
3 	 161 	 14 	 218
4 	 285 	 10 	 15
5 	 131 	 6 	 31
1 	 135 	 6 	 154
2 	 219 	 13 	 228
3 	 297 	 12 	 163
4 	 392 	 17 	 175
5 	 227 	 10 	 147
1 	 313 	 8 	 207
2 	 427 	 14 	 91
3 	 439 	 21 	 43
4 	 434 	 16 	 32
5 	 207 	 9 	 5
2 	 33 	 1 	 206
3 	 141 	 7 	 83
4 	 51 	 4 	 79
5 	 37 	 2 	 15
1 	 39 	 2 	 91
2 	 277 	 13 	 207
3 	 355 	 10 	 82
4 	 25 	 2 	 33
1 	 205 	 16 	 199
2 	 291 	 26 	 97
3 	 389 	 18 	 123
4 	 255 	 23 	 111
5 	 203 	 22 	 184
1 	 63 	 9 	 88
2 	 293 	 11 	 120
3 	 409 	 21 	 113
4 	 395 	 30 	 11
5 	 117 	 12 	 166
1 	 33 	 3 	 76
4 	 203 	 9 	 231
5 	 121 	 5 	 206
1 	 267 	 7 	 217
2 	 271 	 12 	 228
3 	 235 	 12 	 196
4 	 371 	 9 	 117
5 	 233 	 15 	 205
1 	 239 	 10 	 58
2 	 291 	 13 	 91
3 	 17 	 2 	 19
4 	 203 	 10 	 187
5 	 37 	 1 	 61
1 	 181 	 14 	 154
1 	 457 	 26 	 115
2 	 10 	 1 	 0
3 	 285 	 16 	 91
4 	 157 	 11 	 105
5 	 409 	 26 	 175
1 	 447 	 26 	 66
2 	 270 	 14 	 1
3 	 405 	 19 	 74
4 	 11 	 1 	 0
5 	 157 	 7 	 34
1 	 239 	 7 	 148
2 	 89 	 11 	 223
4 	 185 	 18 	 217
5 	 427 	 19 	 170
1 	 307 	 13 	 172
2 	 405 	 13 	 62
4 	 93 	 6 	 119
5 	 353 	 20 	 46
1 	 9 	 1 	 0
2 	 75 	 4 	 82
3 	 91 	 7 	 59
4 	 417 	 13 	 191
5 	 163 	 10 	 64
1 	 27 	 2 	 19
2 	 47 	 2 	 105
3 	 125 	 11 	 142
4 	 139 	 7 	 163
1 	 129 	 5 	 103
2 	 19 	 1 	 123
3 	 97 	 5 	 99
5 	 239 	 15 	 173
1 	 371 	 22 	 148
2 	 13 	 1 	 246
3 	 47 	 8 	 186
4 	 315 	 20 	 183
5 	 151 	 10 	 211
2 	 153 	 9 	 59
3 	 185 	 12 	 4
4 	 301 	 14 	 219
3 	 105 	 5 	 103
1 	 255 	 8 	 109
2 	 103 	 6 	 33
3 	 113 	 6 	 70
5 	 73 	 3 	 114
1 	 252 	 13 	 34
2 	 265 	 14 	 240
4 	 345 	 23 	 205
5 	 147 	 10 	 194
1 	 171 	 9 	 76
2 	 283 	 9 	 242
3 	 233 	 10 	 153
5 	 413 	 12 	 127
1 	 251 	 12 	 13
2 	 417 	 14 	 131
3 	 87 	 13 	 149
4 	 409 	 16 	 154
5 	 293 	 13 	 31
2 	 37 	 2 	 164
3 	 113 	 5 	 105
4 	 355 	 15 	 182
5 	 277 	 11 	 231
1 	 231 	 18 	 229
2 	 25 	 1 	 6
3 	 321 	 22 	 199
4 	 61 	 4 	 46
5 	 303 	 10 	 115
1 	 237 	 9 	 226
2 	 342 	 12 	 63
3 	 415 	 16 	 55
4 	 221 	 11 	 37
5 	 3 	 1 	 89
1 	 397 	 19 	 7
2 	 269 	 12 	 51
3 	 335 	 19 	 214
4 	 85 	 4 	 221
5 	 33 	 2 	 9
1 	 399 	 11 	 189
2 	 119 	 10 	 24
3 	 35 	 2 	 130
4 	 315 	 12 	 225
5 	 25 	 3 	 164
1 	 301 	 12 	 135
2 	 15 	 1 	 44
3 	 83 	 4 	 106
4 	 159 	 9 	 110
5 	 371 	 14 	 151
2 	 369 	 35 	 24
3 	 321 	 16 	 98
4 	 355 	 20 	 145
5 	 45 	 2 	 28
2 	 219 	 5 	 105
3 	 449 	 26 	 95
5 	 219 	 13 	 216
1 	 87 	 8 	 115
2 	 300 	 13 	 208
3 	 223 	 11 	 243
1 	 171 	 11 	 4
4 	 43 	 4 	 134
5 	 37 	 2 	 122
1 	 251 	 8 	 107
2 	 163 	 8 	 66
4 	 321 	 11 	 144
1 	 169 	 9 	 88
3 	 357 	 25 	 39
5 	 257 	 23 	 117
1 	 61 	 4 	 209
2 	 373 	 18 	 205
3 	 195 	 5 	 145
4 	 51 	 4 	 65
5 	 23 	 1 	 60
1 	 217 	 6 	 203
2 	 13 	 1 	 2
3 	 321 	 10 	 103
4 	 159 	 16 	 85
5 	 87 	 13 	 80
1 	 139 	 6 	 28
2 	 15 	 1 	 156
3 	 43 	 3 	 158
4 	 37 	 5 	 161
5 	 465 	 15 	 7
2 	 405 	 12 	 25
3 	 151 	 8 	 51
5 	 237 	 9 	 30
2 	 119 	 6 	 154
3 	 315 	 13 	 43
4 	 233 	 8 	 50
5 	 121 	 8 	 57
1 	 27 	 1 	 15
2 	 335 	 8 	 104
3 	 277 	 8 	 147
4 	 101 	 5 	 228
5 	 202 	 11 	 213
3 	 51 	 5 	 246
5 	 63 	 6 	 41
1 	 441 	 12 	 134
3 	 287 	 14 	 145
4 	 69 	 2 	 179
5 	 207 	 14 	 185
1 	 93 	 6 	 85
3 	 71 	 7 	 16
5 	 75 	 5 	 64
1 	 55 	 4 	 166
2 	 175 	 8 	 167
2 	 113 	 6 	 98
3 	 225 	 23 	 133
4 	 229 	 21 	 167
5 	 19 	 2 	 128
1 	 209 	 10 	 248
2 	 87 	 4 	 33
4 	 273 	 13 	 93
3 	 191 	 6 	 214
5 	 157 	 8 	 148
1 	 374 	 18 	 73
2 	 145 	 14 	 177
3 	 71 	 9 	 154
4 	 131 	 5 	 59
5 	 131 	 13 	 234
1 	 123 	 9 	 165
2 	 265 	 14 	 112
5 	 248 	 10 	 218
2 	 171 	 7 	 93
3 	 375 	 10 	 188
4 	 285 	 15 	 215
5 	 353 	 19 	 139
1 	 137 	 9 	 210
2 	 291 	 12 	 131
3 	 181 	 12 	 179
4 	 163 	 11 	 115
5 	 298 	 14 	 57
2 	 193 	 13 	 4
3 	 53 	 4 	 237
4 	 189 	 10 	 164
5 	 217 	 12 	 156
1 	 213 	 6 	 115
2 	 69 	 4 	 12
3 	 291 	 13 	 117
4 	 185 	 11 	 210
5 	 189 	 23 	 233
2 	 55 	 3 	 130
3 	 15 	 1 	 86
4 	 333 	 13 	 88
5 	 291 	 12 	 127
2 	 177 	 8 	 64
4 	 59 	 8 	 44
5 	 13 	 1 	 106
1 	 355 	 21 	 203
2 	 29 	 1 	 63
4 	 195 	 9 	 177
5 	 361 	 20 	 196
1 	 323 	 8 	 109
2 	 369 	 9 	 202
3 	 101 	 6 	 212
4 	 31 	 2 	 93
5 	 97 	 3 	 113
1 	 177 	 16 	 102
2 	 73 	 5 	 103
3 	 221 	 15 	 100
4 	 197 	 14 	 155
5 	 33 	 2 	 3
1 	 91 	 3 	 211
2 	 223 	 6 	 10
4 	 81 	 7 	 23
5 	 47 	 2 	 156
3 	 13 	 1 	 0
4 	 55 	 7 	 143
5 	 37 	 3 	 199
1 	 147 	 7 	 244
2 	 201 	 8 	 90
3 	 447 	 14 	 230
4 	 59 	 7 	 2
5 	 5 	 1 	 60
1 	 265 	 9 	 204
2 	 79 	 4 	 77
3 	 183 	 16 	 71
4 	 15 	 1 	 98
5 	 335 	 28 	 75
1 	 181 	 10 	 19
2 	 57 	 2 	 57
3 	 399 	 11 	 227
4 	 63 	 7 	 168
5 	 79 	 5 	 96
1 	 125 	 11 	 230
2 	 121 	 6 	 104
3 	 47 	 3 	 109
4 	 117 	 11 	 200
5 	 29 	 1 	 82
1 	 87 	 5 	 161
4 	 91 	 4 	 155
5 	 259 	 12 	 234
1 	 39 	 3 	 100
3 	 331 	 11 	 189
4 	 27 	 1 	 10
5 	 83 	 3 	 137
4 	 181 	 8 	 68
5 	 127 	 9 	 94
1 	 51 	 3 	 129
3 	 217 	 10 	 31
5 	 303 	 12 	 139
1 	 123 	 6 	 233
3 	 111 	 10 	 174
4 	 129 	 7 	 157
5 	 125 	 11 	 59
1 	 95 	 5 	 31
2 	 473 	 23 	 120
3 	 392 	 17 	 151
4 	 63 	 6 	 36
5 	 119 	 8 	 34
1 	 125 	 10 	 249
2 	 141 	 13 	 224
3 	 29 	 1 	 8
5 	 391 	 29 	 63
1 	 37 	 3 	 37
2 	 331 	 13 	 137
3 	 443 	 16 	 40
4 	 67 	 6 	 21
5 	 399 	 16 	 174
1 	 191 	 5 	 184
2 	 437 	 12 	 211
3 	 201 	 8 	 154
4 	 127 	 17 	 180
5 	 275 	 15 	 168
1 	 175 	 12 	 217
4 	 127 	 13 	 184
1 	 227 	 8 	 222
2 	 471 	 22 	 133
4 	 237 	 20 	 140
5 	 123 	 9 	 158
1 	 157 	 6 	 51
2 	 41 	 3 	 164
3 	 439 	 19 	 167
4 	 355 	 15 	 137
5 	 41 	 3 	 32
1 	 175 	 7 	 156
2 	 437 	 16 	 135
3 	 171 	 9 	 55
4 	 147 	 8 	 132
5 	 273 	 12 	 135
1 	 328 	 9 	 195
2 	 375 	 11 	 107
3 	 265 	 11 	 231
4 	 289 	 11 	 47
5 	 173 	 13 	 44
1 	 115 	 7 	 213
2 	 351 	 21 	 184
3 	 223 	 13 	 176
4 	 429 	 15 	 27
5 	 115 	 12 	 33
1 	 379 	 13 	 229
2 	 377 	 18 	 65
3 	 199 	 10 	 230
4 	 147 	 12 	 170
5 	 265 	 9 	 4
1 	 259 	 13 	 117
2 	 375 	 21 	 188
3 	 91 	 6 	 156
4 	 399 	 17 	 41
5 	 253 	 14 	 64
1 	 481 	 17 	 241
2 	 370 	 26 	 154
3 	 97 	 8 	 36
4 	 341 	 15 	 70
5 	 69 	 8 	 113
1 	 39 	 2 	 45
2 	 403 	 14 	 114
3 	 95 	 4 	 23
4 	 99 	 6 	 97
5 	 341 	 10 	 210
5 	 103 	 11 	 219
1 	 161 	 4 	 100
2 	 135 	 7 	 169
5 	 117 	 5 	 96
1 	 253 	 13 	 2
2 	 187 	 6 	 227
3 	 361 	 9 	 219
4 	 19 	 1 	 175
5 	 313 	 12 	 227
2 	 195 	 15 	 187
3 	 410 	 26 	 186
4 	 145 	 13 	 20
5 	 33 	 1 	 13
1 	 252 	 10 	 153
2 	 305 	 10 	 158
3 	 81 	 9 	 36
4 	 387 	 15 	 20
5 	 49 	 2 	 12
1 	 255 	 12 	 143
2 	 167 	 7 	 242
3 	 125 	 14 	 164
1 	 185 	 12 	 160
2 	 41 	 2 	 143
3 	 301 	 13 	 199
4 	 184 	 6 	 2
5 	 49 	 3 	 240
1 	 175 	 6 	 71
2 	 31 	 1 	 3
3 	 91 	 6 	 201
4 	 125 	 5 	 122
5 	 357 	 14 	 118
1 	 323 	 13 	 183
2 	 205 	 12 	 140
3 	 69 	 4 	 196
4 	 127 	 13 	 12
5 	 221 	 9 	 139
1 	 77 	 4 	 28
2 	 43 	 1 	 218
3 	 285 	 13 	 94
4 	 439 	 17 	 85
5 	 219 	 22 	 79
2 	 145 	 9 	 179
4 	 189 	 12 	 98
1 	 453 	 16 	 235
2 	 285 	 16 	 178
3 	 383 	 21 	 179
4 	 339 	 18 	 10
5 	 31 	 1 	 38
2 	 169 	 8 	 125
3 	 135 	 5 	 122
4 	 135 	 8 	 108
1 	 181 	 17 	 118
2 	 75 	 7 	 60
3 	 37 	 2 	 2
4 	 307 	 15 	 156
5 	 117 	 10 	 207
1 	 119 	 12 	 43
2 	 61 	 5 	 201
3 	 39 	 2 	 149
4 	 57 	 5 	 90
5 	 213 	 10 	 138
1 	 63 	 3 	 48
2 	 471 	 21 	 53
3 	 45 	 2 	 147
4 	 19 	 1 	 118
5 	 357 	 14 	 89
1 	 399 	 14 	 119
2 	 469 	 27 	 20
3 	 83 	 3 	 83
4 	 469 	 21 	 73
5 	 127 	 6 	 59
3 	 183 	 10 	 107
4 	 329 	 17 	 228
5 	 187 	 5 	 87
3 	 135 	 10 	 27
5 	 254 	 13 	 39
2 	 315 	 19 	 238
1 	 213 	 8 	 231
2 	 219 	 7 	 224
3 	 415 	 17 	 64
4 	 103 	 5 	 240
5 	 153 	 7 	 149
1 	 149 	 7 	 115
2 	 47 	 1 	 68
3 	 235 	 10 	 91
5 	 25 	 1 	 161
2 	 345 	 15 	 105
3 	 117 	 7 	 54
4 	 93 	 8 	 227
5 	 369 	 13 	 205
1 	 181 	 12 	 207
2 	 147 	 8 	 104
1 	 129 	 6 	 202
2 	 145 	 5 	 132
3 	 27 	 2 	 195
4 	 63 	 4 	 64
5 	 27 	 2 	 97
1 	 363 	 11 	 131
2 	 321 	 15 	 179
3 	 107 	 4 	 116
4 	 483 	 15 	 169
5 	 257 	 10 	 76
1 	 197 	 7 	 20
2 	 7 	 1 	 0
3 	 223 	 16 	 26
4 	 249 	 18 	 205
5 	 219 	 11 	 183
1 	 99 	 12 	 226
2 	 165 	 10 	 106
3 	 221 	 10 	 214
5 	 65 	 3 	 99
2 	 39 	 1 	 237
1 	 111 	 5 	 28
3 	 329 	 20 	 191
4 	 71 	 7 	 230
5 	 213 	 14 	 114
1 	 222 	 4 	 149
3 	 415 	 12 	 244
4 	 147 	 9 	 236
5 	 99 	 6 	 38
4 	 89 	 7 	 54
5 	 205 	 8 	 154
1 	 223 	 17 	 43
2 	 377 	 23 	 228
3 	 255 	 14 	 130
4 	 23 	 1 	 201
1 	 117 	 5 	 161
2 	 161 	 5 	 133
3 	 121 	 5 	 85
4 	 37 	 3 	 228
5 	 105 	 11 	 158
2 	 99 	 9 	 40
3 	 225 	 12 	 29
4 	 35 	 4 	 14
5 	 171 	 14 	 69
1 	 39 	 2 	 229
2 	 369 	 12 	 193
3 	 221 	 14 	 61
4 	 233 	 11 	 55
1 	 91 	 4 	 74
2 	 211 	 7 	 202
4 	 239 	 9 	 166
5 	 131 	 9 	 179
1 	 185 	 7 	 126
2 	 141 	 8 	 154
3 	 175 	 10 	 46
4 	 119 	 7 	 46
5 	 139 	 7 	 205
1 	 177 	 7 	 149
2 	 103 	 4 	 138
3 	 19 	 6 	 183
4 	 147 	 11 	 204
5 	 387 	 15 	 217
1 	 283 	 10 	 193
2 	 313 	 10 	 57
3 	 168 	 7 	 189
4 	 41 	 3 	 76
5 	 243 	 13 	 224
2 	 449 	 13 	 67
3 	 345 	 11 	 133
4 	 285 	 11 	 226
5 	 89 	 8 	 53
1 	 491 	 19 	 249
2 	 383 	 13 	 68
3 	 205 	 10 	 42
4 	 27 	 1 	 41
5 	 239 	 10 	 211
1 	 33 	 1 	 49
2 	 111 	 9 	 154
3 	 189 	 6 	 19
4 	 21 	 1 	 89
5 	 141 	 7 	 117
1 	 187 	 10 	 40
3 	 488 	 34 	 205
4 	 63 	 4 	 89
5 	 291 	 29 	 94
2 	 425 	 13 	 123
3 	 65 	 5 	 234
4 	 373 	 18 	 6
5 	 241 	 11 	 84
1 	 183 	 17 	 166
2 	 29 	 2 	 103
3 	 297 	 10 	 112
4 	 305 	 12 	 197
5 	 353 	 17 	 103
1 	 41 	 1 	 179
3 	 85 	 6 	 93
4 	 157 	 15 	 120
5 	 207 	 15 	 35
1 	 101 	 8 	 116
2 	 189 	 11 	 143
3 	 109 	 5 	 37
4 	 141 	 7 	 28
5 	 153 	 8 	 216
2 	 111 	 7 	 237
4 	 51 	 5 	 133
5 	 61 	 4 	 210
1 	 485 	 18 	 134
2 	 230 	 5 	 203
3 	 207 	 8 	 13
4 	 137 	 7 	 145
1 	 426 	 15 	 245
2 	 237 	 8 	 172
4 	 23 	 1 	 214
5 	 399 	 13 	 207
1 	 301 	 14 	 245
2 	 213 	 17 	 122
3 	 329 	 17 	 84
4 	 133 	 11 	 56
5 	 189 	 14 	 66
1 	 195 	 9 	 204
2 	 473 	 19 	 192
3 	 155 	 7 	 211
4 	 85 	 10 	 209
5 	 61 	 4 	 229
1 	 449 	 12 	 216
2 	 311 	 13 	 17
4 	 197 	 11 	 78
5 	 113 	 8 	 128
1 	 297 	 15 	 103
2 	 199 	 6 	 216
3 	 369 	 19 	 218
4 	 49 	 2 	 70
5 	 125 	 10 	 181
1 	 187 	 10 	 233
2 	 253 	 16 	 145
3 	 419 	 31 	 70
4 	 137 	 11 	 146
5 	 273 	 18 	 173
1 	 379 	 15 	 202
2 	 255 	 17 	 87
3 	 391 	 19 	 139
4 	 207 	 10 	 72
5 	 207 	 12 	 54
2 	 127 	 14 	 36
5 	 217 	 19 	 29
1 	 453 	 16 	 247
2 	 93 	 8 	 216
3 	 21 	 3 	 69
4 	 155 	 8 	 106
5 	 129 	 8 	 131
2 	 217 	 15 	 116
3 	 371 	 20 	 191
4 	 261 	 20 	 207
5 	 43 	 2 	 186
1 	 299 	 14 	 34
2 	 437 	 15 	 184
3 	 59 	 1 	 186
4 	 241 	 10 	 166
1 	 341 	 13 	 217
2 	 471 	 19 	 66
3 	 167 	 9 	 71
4 	 27 	 1 	 26
5 	 251 	 14 	 114
1 	 129 	 7 	 242
3 	 59 	 5 	 201
